140 12532703 1 1209467770
129 30495291 1 1209492168
823 546908 1 1209497360
142 770109 1 1209454948
140 226706 1 1209448660
376 13311819 1 1209455236
142 28152081 1 1209491236
771 23834 1 1209452488
823 24396257 1 1209471649
142 1814447 1 1209460028
612 16737304 1 1209478460
823 12826810 1 1209485901
140 4247216 1 1209498331
177 36579674 1 1209495414
138 1055327 1 1209480084
129 6979637 1 1209482558
140 1899646 1 1209494456
771 19919160 1 1209464747
142 15452673 1 1209458092
177 39549328 1 1209496711
652 1801612 1 1209445699
142 11005581 1 1209487352
142 18416516 1 1209462617
140 5687481 1 1209448106
602 10538856 1 1209482829
142 197333 1 1209486351
376 2767851 1 1209497395
142 38020427 1 1209495710
691 27839490 1 1209485813
676 7916210 1 1209462922
129 3205940 1 1209466546
129 5789357 1 1209448217
131 12729222 1 1209494116
140 39729842 1 1209497262
140 29182808 1 1209479015
131 23384192 1 1209492898
864 21181200 1 1209477725
129 15969 1 1209473859
142 2632110 1 1209446093
140 33276679 1 1209485819
376 576950 1 1209460030
129 1458502 1 1209488721
376 10499599 1 1209452780
131 8066445 1 1209490252
1 4 1 1209471694
177 27676597 1 1209478883
142 33488922 1 1209485046
131 3736505 1 1209486545
691 31611643 1 1209482947
142 11741347 1 1209488818
864 13427080 1 1209462449
142 9791059 1 1209458467
142 15167687 1 1209491915
221 7007241 1 1209457475
129 36498566 1 1209492013
119 4290383 1 1209473242
612 1875743 1 1209485821
657 5305560 1 1209473451
142 35032736 1 1209491780
657 3741150 1 1209456849
140 28019176 1 1209477509
140 34486505 1 1209487047
140 37742516 1 1209495606
131 27336401 1 1209477056
771 1083967 1 1209493812
129 65966 1 1209477808
771 26033778 1 1209498545
140 13550357 1 1209480064
129 32327118 1 1209487934
131 19641903 1 1209465683
177 37368688 1 1209491385
663 10901198 1 1209460154
669 28372326 1 1209483982
177 22638464 1 1209492933
142 15620481 1 1209494124
140 1226483 1 1209446373
208 1632052 1 1209445675
142 1992389 1 1209466020
140 19672156 1 1209464394
142 7209048 1 1209487916
142 1650959 1 1209483098
390 32477754 1 1209491853
823 31020026 1 1209487404
995 5456 1 1209477701
376 17093 1 1209487318
140 657927 1 1209456678
983 19660305 1 1209466738
208 15181163 1 1209457737
142 354870 1 1209464943
140 4849652 1 1209483948
138 1289381 1 1209471323
628 30188850 1 1209483280
657 13549428 1 1209464373
131 11307859 1 1209459235
129 26391034 1 1209475504
612 9691729 1 1209451292
131 35728555 1 1209488907
140 28143203 1 1209477794
665 9087273 1 1209450714
719 25930311 1 1209492581
752 4446 1 1209456962
129 25855328 1 1209473973
131 9727967 1 1209451352
142 374306 1 1209484229
129 15006094 1 1209457837
780 13087399 1 1209479914
129 6113589 1 1209467645
129 357463 1 1209465403
140 4763497 1 1209447339
376 386294 1 1209488846
177 30952180 1 1209490873
983 31537054 1 1209482355
177 40002444 1 1209497437
129 305421 1 1209471618
142 21935985 1 1209467791
665 32036806 1 1209483213
142 17571858 1 1209461215
771 7619871 1 1209465116
138 8198675 1 1209449938
131 132096 1 1209493811
129 24826603 1 1209472363
129 7330 1 1209482762
376 32313 1 1209478293
131 577979 1 1209450037
131 4517507 1 1209477880
140 29603518 1 1209479963
676 13648375 1 1209455720
131 11444956 1 1209487173
775 4359232 1 1209452986
376 15816 1 1209468123
142 32638207 1 1209494986
221 494032 1 1209447217
140 80830 1 1209460710
177 14143461 1 1209485122
129 34942950 1 1209487248
665 79180 1 1209480020
121 1570501 1 1209451685
652 3390046 1 1209451380
142 21119157 1 1209466591
376 79854 1 1209447039
602 23362614 1 1209472973
140 33153480 1 1209484510
665 7348990 1 1209449246
142 40114773 1 1209497730
494 13507 1 1209475697
142 33225741 1 1209486367
177 10258099 1 1209451889
142 9902751 1 1209465718
129 25922305 1 1209476771
665 5179807 1 1209486520
142 1123379 1 1209485929
376 1061399 1 1209457674
602 24717361 1 1209472170
131 9090966 1 1209482255
140 19804620 1 1209464551
177 11967375 1 1209475317
140 11451103 1 1209454054
665 254817 1 1209455697
140 28810457 1 1209478578
140 13352038 1 1209471636
771 17380014 1 1209463916
376 5164387 1 1209447552
376 30747768 1 1209481298
142 183012 1 1209461772
142 6208595 1 1209487485
376 146184 1 1209490484
142 24263909 1 1209471726
665 14356814 1 1209456629
536 29842385 1 1209493442
140 28548434 1 1209496311
771 34192 1 1209451841
138 303212 1 1209495567
129 34441752 1 1209486721
140 24581447 1 1209473512
771 11829 1 1209484952
129 14131589 1 1209465444
376 5678375 1 1209474589
140 7511354 1 1209469374
131 10029606 1 1209456396
657 910022 1 1209458604
995 119624 1 1209456694
131 6591822 1 1209453494
158 2362078 1 1209458047
612 406592 1 1209451828
142 9626085 1 1209456938
131 11935965 1 1209498015
665 5100182 1 1209485242
131 26069409 1 1209477995
140 496331 1 1209491936
140 18154593 1 1209462039
376 243403 1 1209459304
131 17983880 1 1209475389
5 10 1 1209457742
131 36332244 1 1209490115
129 29891574 1 1209481563
129 32637564 1 1209490806
142 211489 1 1209467826
131 12530153 1 1209499048
129 23322793 1 1209478118
691 16427023 1 1209468422
131 6116979 1 1209493881
771 10901671 1 1209454722
129 3628554 1 1209455835
376 20765611 1 1209466229
376 27568989 1 1209492216
131 172427 1 1209463350
131 20409300 1 1209478614
177 28558308 1 1209489200
376 160995 1 1209465450
788 2269603 1 1209445933
129 29038818 1 1209483919
657 15816973 1 1209459429
752 749 1 1209462124
224 3436128 1 1209486031
131 550041 1 1209482894
131 30433140 1 1209488522
142 24882801 1 1209477916
140 1537375 1 1209493207
665 7189000 1 1209465975
140 8645233 1 1209450329
376 5177482 1 1209453762
140 36531062 1 1209498872
211 173334 1 1209483973
234 23539424 1 1209473663
376 30562285 1 1209494623
657 14711252 1 1209492900
142 12106835 1 1209495199
138 38494608 1 1209494969
142 54068 1 1209489699
129 26984886 1 1209480827
177 40535754 1 1209498916
129 16628958 1 1209487551
129 9229526 1 1209469284
823 12591404 1 1209454404
140 9782420 1 1209452564
131 3162242 1 1209497009
612 33922733 1 1209491087
140 25652356 1 1209477396
177 4954232 1 1209452854
129 16298060 1 1209459321
140 1168875 1 1209447394
129 2131242 1 1209445852
129 904092 1 1209449174
131 6432444 1 1209449466
221 7011527 1 1209459633
129 22895331 1 1209475580
140 5667475 1 1209448599
131 20154517 1 1209484580
719 953922 1 1209453064
376 186850 1 1209481450
665 20387298 1 1209473791
140 2752543 1 1209448456
726 39333032 1 1209498584
140 37777003 1 1209492233
494 3681 1 1209445250
665 13143619 1 1209484509
840 10087655 1 1209463327
140 196148 1 1209445150
177 15005349 1 1209477367
771 20966206 1 1209467709
131 23272032 1 1209470387
142 36926028 1 1209490758
691 28359375 1 1209477791
138 13215284 1 1209468391
140 6474053 1 1209448618
983 14084396 1 1209483083
612 15620098 1 1209497472
749 12491456 1 1209480584
129 8465432 1 1209454847
129 823055 1 1209447490
983 123212 1 1209473134
376 9449350 1 1209494110
140 40310726 1 1209498288
657 23088317 1 1209469795
771 34188 1 1209467720
652 38316079 1 1209493363
129 22493811 1 1209468632
691 2484875 1 1209447732
376 40297 1 1209456180
140 8660987 1 1209457623
612 21920937 1 1209475632
222 8070403 1 1209449917
129 48968 1 1209461347
131 11508937 1 1209488576
376 600944 1 1209460611
129 35130107 1 1209487550
142 198170 1 1209483120
129 2522562 1 1209479411
600 1899090 1 1209474835
981 30667523 1 1209481571
221 24388251 1 1209471606
864 16008227 1 1209460130
131 34955608 1 1209488482
771 11516621 1 1209490473
5 8 1 1209486168
142 454823 1 1209473901
142 28380023 1 1209477900
665 17526201 1 1209461092
652 16096311 1 1209460892
177 12726152 1 1209454578
131 1124947 1 1209495705
376 696008 1 1209445265
376 159405 1 1209463045
775 51083 1 1209470982
131 22921321 1 1209470357
234 4096985 1 1209465739
823 1333709 1 1209491205
665 33205935 1 1209484910
140 1071726 1 1209498065
838 20009281 1 1209496015
177 188999 1 1209473496
129 13445947 1 1209494793
140 31758923 1 1209482575
129 5270891 1 1209447872
129 1321506 1 1209453119
129 21372571 1 1209469301
665 13027371 1 1209474233
138 11581507 1 1209485219
983 123204 1 1209484721
676 2854618 1 1209478060
131 27041476 1 1209486527
746 51384 1 1209497994
177 18144619 1 1209464091
823 57708 1 1209489231
142 14449045 1 1209456746
652 19819937 1 1209464544
838 23668526 1 1209484959
838 4714945 1 1209455248
983 27441901 1 1209492785
376 52844 1 1209454201
142 19928776 1 1209466026
142 8580615 1 1209464317
129 903434 1 1209447301
140 5906712 1 1209448119
612 21625 1 1209470324
142 79705 1 1209493188
780 7835566 1 1209474312
665 18418031 1 1209470412
129 32767479 1 1209486014
234 28585671 1 1209478495
131 3332058 1 1209498092
140 8024924 1 1209479815
15 119484 1 1209463337
222 1547432 1 1209449816
691 30382413 1 1209481789
142 39427854 1 1209498267
131 13543230 1 1209459373
612 1256665 1 1209448737
665 9271699 1 1209475341
129 24375670 1 1209471603
142 551944 1 1209484797
612 1321875 1 1209472112
602 64425 1 1209446459
981 29872798 1 1209481546
140 366810 1 1209465158
691 3805121 1 1209476610
129 14592231 1 1209456956
131 23881672 1 1209482904
140 408607 1 1209447930
131 26405290 1 1209489982
129 21746691 1 1209484890
129 24099556 1 1209471197
995 16350 1 1209453266
177 40359544 1 1209498419
129 327103 1 1209452477
140 11041857 1 1209479534
129 38905479 1 1209495231
131 805879 1 1209475375
652 1550187 1 1209482584
719 9595201 1 1209487275
211 11302189 1 1209498404
131 5089561 1 1209447573
376 420636 1 1209463054
142 17387873 1 1209469235
665 37926885 1 1209496483
234 4467214 1 1209488448
376 40450813 1 1209498814
129 39375311 1 1209495823
131 26736277 1 1209475371
988 99069 1 1209447229
823 30109402 1 1209480369
177 35254844 1 1209488212
131 4615166 1 1209447243
823 3134676 1 1209486679
376 5201739 1 1209447694
140 38171159 1 1209493706
376 28722793 1 1209479339
142 26421189 1 1209474879
494 2610 1 1209470536
142 27881454 1 1209488288
140 25255216 1 1209474953
426 28053087 1 1209477840
142 24149850 1 1209476091
221 9404477 1 1209452672
983 10228071 1 1209491691
142 7339395 1 1209457477
131 11031669 1 1209452686
771 7703238 1 1209449992
142 14037267 1 1209456230
140 7018 1 1209493038
983 21081159 1 1209466788
983 238422 1 1209486040
376 16141694 1 1209465106
142 20539560 1 1209477935
665 2271682 1 1209463203
823 9261194 1 1209451516
129 24225945 1 1209471371
823 39171934 1 1209497307
771 19370712 1 1209464670
140 1241978 1 1209496045
4 35630463 1 1209489101
995 6173 1 1209458587
771 8051583 1 1209493248
142 15048839 1 1209467260
142 14890481 1 1209457336
691 30004444 1 1209495366
140 29103606 1 1209478907
140 5969035 1 1209448171
129 29896 1 1209451481
129 19019812 1 1209466401
129 1245354 1 1209452123
830 7331888 1 1209472256
140 472910 1 1209488107
131 2146841 1 1209468432
376 102497 1 1209451737
140 17751463 1 1209464592
129 8068530 1 1209449853
140 37029463 1 1209492578
142 1730719 1 1209469806
140 6446053 1 1209448780
129 9287054 1 1209466114
142 10781884 1 1209459962
142 16730891 1 1209471368
376 15271242 1 1209457844
140 2851069 1 1209447013
142 3385065 1 1209453182
129 17373402 1 1209472746
131 6114886 1 1209454503
131 14201929 1 1209456489
140 1331802 1 1209481957
140 1285217 1 1209452957
142 1729107 1 1209485541
131 11611494 1 1209453328
657 23357973 1 1209472586
131 17220697 1 1209462054
142 15418787 1 1209460480
168 296049 1 1209457140
140 17179505 1 1209460619
376 14523 1 1209446966
140 1733553 1 1209445697
665 1593708 1 1209474619
771 3333981 1 1209446505
177 14185342 1 1209477332
129 18437 1 1209494403
138 17197845 1 1209460608
140 11342585 1 1209495057
131 237589 1 1209445788
665 34638771 1 1209490971
229 318103 1 1209466755
771 11829 1 1209478682
140 2855509 1 1209467737
983 20253566 1 1209465219
129 15456819 1 1209460353
140 25384967 1 1209476357
221 30558901 1 1209482391
222 1604357 1 1209465507
140 8256297 1 1209449941
864 29409036 1 1209481574
142 11160 1 1209446781
140 37573795 1 1209491803
131 8066044 1 1209449839
131 18825960 1 1209463061
142 7601702 1 1209462951
142 9483336 1 1209451103
129 7711977 1 1209450010
131 1714936 1 1209461841
140 5823530 1 1209448268
376 4144894 1 1209450893
665 17525907 1 1209461143
376 16744117 1 1209491978
140 30159215 1 1209480462
140 38477970 1 1209493797
131 2139247 1 1209449627
142 535570 1 1209475192
830 1768239 1 1209445720
129 32975524 1 1209494111
864 5842026 1 1209449331
140 2560755 1 1209477277
665 7484814 1 1209468254
129 467828 1 1209490091
140 473886 1 1209496797
140 26676 1 1209446286
131 377482 1 1209454171
138 30047284 1 1209496523
177 6354434 1 1209488272
665 26538265 1 1209475915
376 19702216 1 1209489174
131 30099164 1 1209480512
665 18240940 1 1209462194
602 31262351 1 1209481887
602 15829854 1 1209458641
140 37809499 1 1209497969
746 6720323 1 1209460309
140 30922571 1 1209483097
131 11906223 1 1209456733
494 2603 1 1209453812
376 228756 1 1209468212
981 9533679 1 1209451089
665 30630526 1 1209484690
140 12234919 1 1209454015
771 34365298 1 1209487218
140 21901183 1 1209487819
981 20754822 1 1209465960
376 36073627 1 1209491537
129 119991 1 1209446612
129 33546149 1 1209485109
864 4285743 1 1209452947
131 25009684 1 1209476258
612 13868552 1 1209469551
140 9265008 1 1209454127
140 36725154 1 1209490939
376 6406459 1 1209448485
225 4 1 1209491908
142 29677976 1 1209479723
719 30244874 1 1209480509
140 17110197 1 1209460856
177 1285953 1 1209445584
140 4336489 1 1209448167
142 17809033 1 1209461519
142 10495689 1 1209466518
376 745122 1 1209455378
376 16911098 1 1209460179
177 38310571 1 1209493720
864 123784 1 1209489734
981 1282698 1 1209482930
657 155305 1 1209460395
177 131294 1 1209445195
823 22943212 1 1209470115
177 39626881 1 1209496679
376 670513 1 1209457835
612 12223060 1 1209483572
676 1125361 1 1209461722
129 17810760 1 1209479475
612 825640 1 1209449609
140 34485108 1 1209496374
719 2473412 1 1209460931
612 7935796 1 1209474581
140 14636481 1 1209456985
129 7052548 1 1209474390
142 11933272 1 1209456542
131 15773185 1 1209458580
121 15853349 1 1209471499
177 11669059 1 1209453355
140 35670155 1 1209488374
129 20430475 1 1209477147
140 7698411 1 1209449541
142 24882856 1 1209472441
140 9304357 1 1209456075
142 712039 1 1209446583
376 140264 1 1209448796
142 22831199 1 1209491388
142 26191970 1 1209478399
612 23726055 1 1209473175
129 8872546 1 1209450574
142 3146038 1 1209476684
129 34555173 1 1209486643
719 17744584 1 1209461430
657 17077999 1 1209465756
140 11782455 1 1209453500
985 1135993 1 1209445579
131 16723054 1 1209472406
600 6691 1 1209474140
719 24744607 1 1209480521
177 27671674 1 1209479706
142 35193434 1 1209496712
376 29417639 1 1209490062
142 25430391 1 1209474115
177 35469153 1 1209488290
995 63282 1 1209452814
131 14933852 1 1209457557
208 61607 1 1209461375
140 5284108 1 1209460375
129 15064055 1 1209467746
140 13524358 1 1209470165
22 5431515 1 1209447769
140 10597526 1 1209452179
665 25116305 1 1209472834
131 38081013 1 1209492886
142 17290468 1 1209466753
140 39136540 1 1209495509
665 90108 1 1209474166
140 35671807 1 1209488456
142 22443598 1 1209469997
234 21584352 1 1209474907
234 5910058 1 1209452425
988 105311 1 1209476296
612 897035 1 1209446980
142 21414519 1 1209467027
140 19761974 1 1209496275
129 15373541 1 1209458059
129 759401 1 1209477551
142 28080891 1 1209490819
119 29946 1 1209448981
160 146697 1 1209445189
142 29930068 1 1209493967
129 23265284 1 1209475344
140 39597929 1 1209497093
376 1437365 1 1209467405
131 9662046 1 1209451296
823 30118851 1 1209484970
129 19057549 1 1209463402
691 293118 1 1209445429
823 10055513 1 1209454080
211 1667763 1 1209445792
665 14029372 1 1209487883
376 3839710 1 1209467262
691 27725715 1 1209479343
985 15542717 1 1209458810
140 1554086 1 1209445975
168 12237667 1 1209488806
140 38461296 1 1209493752
177 6376771 1 1209495539
142 2878512 1 1209499140
376 5600767 1 1209447850
376 19906066 1 1209464692
234 7535518 1 1209464570
140 17769607 1 1209461617
131 19484191 1 1209476321
142 503161 1 1209494617
981 10074063 1 1209451643
140 808306 1 1209446021
177 28138048 1 1209477507
129 25927011 1 1209476401
140 12291594 1 1209467663
131 2648956 1 1209452138
995 22216 1 1209486823
142 1015059 1 1209490095
177 29203513 1 1209482246
140 2350413 1 1209445962
142 7934367 1 1209473332
131 40735 1 1209490132
142 15018629 1 1209457635
131 22568606 1 1209468776
129 565752 1 1209464998
983 39567230 1 1209497199
140 12267392 1 1209477783
129 21887578 1 1209468003
131 18939128 1 1209497777
142 36024148 1 1209490852
142 4518 1 1209471801
142 34233509 1 1209486618
665 5076352 1 1209447581
823 10870935 1 1209455444
142 20900051 1 1209479630
376 15534712 1 1209458214
140 408318 1 1209479680
376 19676957 1 1209491701
129 26116205 1 1209474360
376 30976886 1 1209481496
823 28392109 1 1209495470
142 19099841 1 1209496708
657 35045274 1 1209487341
131 2062961 1 1209451808
131 5166647 1 1209448179
142 27496196 1 1209476523
657 31804872 1 1209482580
140 35497513 1 1209490694
665 21660110 1 1209495784
142 9509886 1 1209478467
129 2561666 1 1209498425
376 7068302 1 1209462446
612 842545 1 1209450676
140 38116330 1 1209493454
131 30383268 1 1209491960
129 7427379 1 1209454879
131 19640510 1 1209468656
788 5366720 1 1209470295
691 20382315 1 1209486591
131 22841630 1 1209475436
376 25920117 1 1209497943
142 4387586 1 1209464203
376 20230768 1 1209482723
142 36091940 1 1209493857
222 13451154 1 1209469855
129 14076806 1 1209464626
736 4771494 1 1209447955
131 4486605 1 1209472594
177 16387662 1 1209459549
177 787292 1 1209455557
131 35143262 1 1209492717
142 16892561 1 1209481770
140 40386047 1 1209498783
612 20996973 1 1209468903
864 75376 1 1209482121
140 24188049 1 1209475441
657 13318750 1 1209464905
140 11272019 1 1209485629
140 11927275 1 1209453632
612 23265499 1 1209498329
131 10796054 1 1209459855
657 40238367 1 1209498292
142 11851828 1 1209453598
376 3554432 1 1209449289
129 21371740 1 1209487425
665 25537200 1 1209473452
652 29331049 1 1209498341
736 20208133 1 1209465965
665 11957665 1 1209453679
771 6070519 1 1209483051
142 33167456 1 1209484594
131 917504 1 1209453740
129 8877001 1 1209468557
988 35138815 1 1209487553
140 33680957 1 1209489288
221 27435885 1 1209476476
140 9508849 1 1209456776
205 8116805 1 1209449878
376 8679700 1 1209452158
612 28722651 1 1209478326
140 39744849 1 1209496708
131 37449863 1 1209491558
494 2604 1 1209492319
612 32818409 1 1209484077
221 32888131 1 1209490455
129 28452868 1 1209481522
612 6717422 1 1209469876
140 8797495 1 1209452469
838 10608959 1 1209452188
376 37273992 1 1209491212
142 207316 1 1209487603
376 11061752 1 1209475220
142 27585863 1 1209494750
140 38457795 1 1209494562
612 12504044 1 1209454263
719 837197 1 1209445363
140 4373792 1 1209453843
665 16592861 1 1209462039
140 334665 1 1209461628
131 5442856 1 1209448977
142 22838236 1 1209469425
494 3681 1 1209470435
142 1524400 1 1209450072
142 40577819 1 1209499166
665 9335720 1 1209467805
131 20070860 1 1209483919
140 5633872 1 1209463637
142 13795561 1 1209455894
612 330623 1 1209456997
376 16490846 1 1209462493
129 26778158 1 1209482383
376 36209591 1 1209490014
129 13316669 1 1209482197
140 2906446 1 1209461111
138 17600640 1 1209477973
140 1226247 1 1209487117
140 6101975 1 1209458728
131 27420108 1 1209476439
665 21488436 1 1209467103
817 14600699 1 1209476128
823 183 1 1209449846
142 30421907 1 1209480965
131 9742572 1 1209496732
129 35900769 1 1209488767
376 21222727 1 1209467020
983 123094 1 1209496189
142 368324 1 1209493765
142 35510511 1 1209488117
140 10269623 1 1209486229
129 31581279 1 1209483784
140 2078567 1 1209450878
142 6319262 1 1209452600
140 2072365 1 1209448394
376 11331715 1 1209462956
131 9750946 1 1209465954
691 13184639 1 1209489406
665 806023 1 1209482959
376 466723 1 1209490488
771 36772967 1 1209490286
177 3100132 1 1209446745
665 26069926 1 1209489852
129 18606802 1 1209465292
719 14547992 1 1209479980
376 159856 1 1209459920
719 11385 1 1209487068
376 14966287 1 1209457424
376 119465 1 1209491745
142 29249610 1 1209479348
691 32522130 1 1209483643
129 33253187 1 1209484713
864 30593003 1 1209484551
131 5579846 1 1209448002
177 3389439 1 1209460403
612 79281 1 1209458807
665 40372262 1 1209498467
140 14709975 1 1209457525
665 23466840 1 1209476738
129 664741 1 1209483167
129 6471126 1 1209451168
131 7718308 1 1209487687
140 29774536 1 1209482380
140 38228220 1 1209493177
142 38464614 1 1209493696
142 17854012 1 1209461597
129 13214926 1 1209464653
665 7399986 1 1209455544
140 3115789 1 1209472148
140 3906978 1 1209489192
177 28892614 1 1209485617
177 47641 1 1209488814
129 13118124 1 1209455979
142 3431828 1 1209446722
129 600796 1 1209481456
129 4355297 1 1209487244
691 4953790 1 1209449664
168 11939050 1 1209453633
376 27690811 1 1209476835
775 32474550 1 1209490785
392 593331 1 1209456866
140 31913124 1 1209482762
140 4550466 1 1209447209
131 14125372 1 1209484932
140 16363589 1 1209459858
752 2343 1 1209476117
142 36532059 1 1209490379
665 28829134 1 1209478503
376 764745 1 1209446908
129 33384214 1 1209484893
376 7571980 1 1209492651
142 2996340 1 1209461113
983 123212 1 1209465759
142 26887971 1 1209475596
864 18065583 1 1209476536
138 23533944 1 1209470232
612 2211368 1 1209449261
434 20358672 1 1209480033
129 10922527 1 1209493397
985 248293 1 1209461624
129 1468639 1 1209481305
129 1881060 1 1209445797
119 276561 1 1209453358
140 37143372 1 1209490974
140 28889195 1 1209478597
142 14733041 1 1209496312
131 8060965 1 1209497978
131 33950059 1 1209485729
376 35524581 1 1209488656
665 13418356 1 1209482802
657 26469044 1 1209489568
131 47519 1 1209461176
205 3217808 1 1209471794
142 14582344 1 1209457390
665 22443032 1 1209468604
129 20702723 1 1209465936
142 28481984 1 1209478027
864 21576683 1 1209469626
140 11750471 1 1209468521
376 1996999 1 1209453358
142 113747 1 1209482942
142 30615150 1 1209488594
140 23485400 1 1209470263
205 21629771 1 1209467295
142 11294781 1 1209483451
140 15434048 1 1209458050
129 30194233 1 1209491726
376 29916127 1 1209480044
142 6196013 1 1209480175
376 6669467 1 1209448708
140 14343570 1 1209456602
823 26800767 1 1209475412
129 801838 1 1209494441
657 9729484 1 1209466575
131 133122 1 1209488000
229 5977 1 1209494957
142 24033296 1 1209472348
142 17734260 1 1209473330
142 33145374 1 1209487269
140 80873 1 1209495749
129 28898097 1 1209478655
140 4289401 1 1209478721
612 3832588 1 1209494567
131 15347268 1 1209461581
131 3439559 1 1209451725
140 6041033 1 1209473078
177 33737933 1 1209485403
129 21649857 1 1209497117
142 4335602 1 1209480731
140 10530559 1 1209457809
140 13404549 1 1209471617
129 14579467 1 1209465104
131 27088134 1 1209489068
152 10463523 1 1209452071
138 22044994 1 1209467903
612 11561119 1 1209473965
823 39956858 1 1209497249
985 38145971 1 1209494887
665 20615051 1 1209474915
665 15661999 1 1209468585
131 5297247 1 1209498303
142 11851816 1 1209453937
142 24075993 1 1209473033
788 210322 1 1209499001
140 318903 1 1209465215
129 36231725 1 1209489336
177 9570095 1 1209493650
376 27036496 1 1209495296
129 606078 1 1209463873
129 29118687 1 1209481621
376 4029873 1 1209447409
981 26986963 1 1209475693
140 9861404 1 1209451555
142 35785632 1 1209488632
657 34915394 1 1209487166
612 4850473 1 1209461371
665 1346616 1 1209470550
376 11931207 1 1209453619
222 9443029 1 1209468248
129 23411231 1 1209496735
376 26874951 1 1209488191
131 390481 1 1209462578
140 38546657 1 1209495709
665 19166385 1 1209488522
376 27921155 1 1209492711
138 9003506 1 1209450649
140 13447285 1 1209460739
602 3464054 1 1209488762
140 4569476 1 1209496488
494 210372 1 1209465626
823 17090 1 1209473203
142 25322057 1 1209479231
177 366007 1 1209459753
129 10443982 1 1209469631
140 9011079 1 1209451577
985 23484089 1 1209490008
129 31316755 1 1209482090
177 911348 1 1209481079
983 102828 1 1209446260
142 744238 1 1209483317
131 1146736 1 1209469938
152 951944 1 1209458703
121 1626339 1 1209487099
612 12655048 1 1209470490
131 9499971 1 1209467617
129 20781153 1 1209489592
983 1067566 1 1209451849
129 12057899 1 1209453822
142 85740 1 1209453029
129 7971704 1 1209455416
665 26076441 1 1209474304
864 8116986 1 1209452692
131 23750296 1 1209477694
131 24677169 1 1209497352
131 7359885 1 1209454811
131 20320751 1 1209476737
665 29062758 1 1209498998
140 21695824 1 1209468764
140 8850308 1 1209451950
140 18881431 1 1209463410
771 34176 1 1209454029
131 23283313 1 1209479687
140 15486040 1 1209465263
142 11138971 1 1209452776
376 34497345 1 1209495592
140 28460 1 1209447366
376 16874725 1 1209460111
140 3885765 1 1209457852
131 9175489 1 1209467970
177 35479846 1 1209491911
376 3611676 1 1209479580
138 1608969 1 1209447741
612 14037307 1 1209473197
376 20015729 1 1209491304
142 21119567 1 1209466539
140 16522566 1 1209459635
983 13954836 1 1209456071
388 10426656 1 1209495467
392 1904652 1 1209454368
177 4068977 1 1209452938
665 8835754 1 1209450499
376 79497 1 1209466306
691 1886422 1 1209449283
665 4984254 1 1209464758
140 23273884 1 1209469838
142 6813751 1 1209453839
376 4208228 1 1209470726
140 11502394 1 1209453179
177 26205917 1 1209474514
142 7206913 1 1209461982
129 38562491 1 1209493940
140 9779490 1 1209451427
129 11525798 1 1209453301
612 517694 1 1209471942
140 33966746 1 1209486271
140 15120888 1 1209457888
177 20477417 1 1209466334
131 11259793 1 1209496271
129 5700630 1 1209452493
376 122339 1 1209466858
129 1873315 1 1209450343
211 261574 1 1209462304
376 15131316 1 1209476849
