19620 14484898 1 1228997818
255968 53955 1 1190688805
11107 7135843 1 1177233041
1173983 15760575 1 1252950874
4516 14925 1 1122928188
28535 29044 1 1238812157
136392 5253017 1 1190818574
118729 1354736 1 1227388980
446531 2572317 1 1240760539
5836 686781 1 1210263230
23572 10483804 1 1278653212
2548 3296856 1 1228612173
12128 154565 1 1186698456
22220 4968223 1 1243460926
2380329 18290103 1 1257936639
119058 6262927 1 1213727108
53929 2092284 1 1164060651
23483 351620 1 1256628878
1265828 3473344 1 1200638763
351 404457 1 1144679751
55546 3534803 1 1237770406
18519 1695712 1 1161499364
1399 2131701 1 1132279210
147178 6021528 1 1169963604
458931 16015127 1 1239583153
516 9670232 1 1243297812
1243 5105914 1 1279595683
24013 5997513 1 1201043163
451071 1074343 1 1258580379
40369 3994183 1 1185999414
3549373 16937575 1 1251480597
651 325068 1 1255127571
234897 1957100 1 1173897624
19090 7961288 1 1186242572
49273 2836356 1 1228080457
7341 551497 1 1233527673
567 6574880 1 1224982225
4690 16264116 1 1241235785
17996 2226247 1 1187395392
85282 1143714 1 1215361230
46920 9416189 1 1194476980
5152 794043 1 1142005915
944 12655063 1 1215361093
55947 295384 1 1149621666
47346 206597 1 1114042848
29846 5979335 1 1170009224
567 777711 1 1188894857
176 10018090 1 1250774700
243 405679 1 1154127417
2582 9680717 1 1243091151
23476 317967 1 1227662445
149731 1093908 1 1156657553
66123 6253714 1 1183333798
1332361 3293871 1 1207088820
152264 1679952 1 1200679152
1302 2377272 1 1196021852
39586 8817116 1 1272451224
30966 2017207 1 1146397319
137803 30925 1 1152919581
47237 730773 1 1209263060
662 4763133 1 1175210422
127505 11387789 1 1209454331
348672 1742068 1 1191102036
105627 10084571 1 1230349572
228 675567 1 1113563011
2517 867181 1 1230914047
2410 1950334 1 1186078936
74567 1505537 1 1141773715
567 1540166 1 1229859928
375740 18488180 1 1259760216
989 814191 1 1218207493
54928 3372214 1 1231115605
12466 6815150 1 1175208509
25019 51564 1 1231723926
248 275648 1 1103979813
76212 16573337 1 1243751268
98870 4549252 1 1157679130
6790 7740617 1 1181734058
29894 2044912 1 1223349047
24288 18407965 1 1263506636
24812 4849357 1 1163256171
24929 10049015 1 1199246221
19244 2974140 1 1164556662
75232 3829433 1 1180212954
1534119 5680021 1 1167275078
173342 766016 1 1166671108
4716 18200344 1 1267524870
1058 3922811 1 1262482142
4508 8434907 1 1186932919
634857 1521764 1 1121314144
3375 629729 1 1235576174
3422 5803791 1 1168288418
4976 312131 1 1113695114
2694 20168156 1 1273486307
20270 8694095 1 1266429252
792 8218002 1 1210764945
47009 18385581 1 1258825184
14278 212839 1 1141303127
2929 1769394 1 1145899707
39659 224216 1 1120889917
2120333 1207866 1 1282162264
2317 18340625 1 1258401218
1207 330529 1 1123791507
765770 2603331 1 1214553339
142198 4944163 1 1169283047
77150 8520549 1 1273757174
147662 1689969 1 1276688586
7087 7309757 1 1178510051
103354 4847967 1 1180522998
2185 2811197 1 1207690977
123583 2606 1 1196504073
10494 93719 1 1214546743
4182 16917 1 1234763576
29902 471643 1 1199879137
40335 5941366 1 1169408389
9344 10277728 1 1261686817
1188 19900189 1 1271191397
6399 215591 1 1073170989
7026 167194 1 1250042006
237337 748358 1 1158924946
10389 5812301 1 1168649900
60981 60971 1 1229026385
1376615 2300118 1 1162980034
45 528869 1 1124794794
1243 9285161 1 1254283883
1598244 3032915 1 1220275163
37142 542174 1 1269922216
1757579 4204997 1 1257275102
13338 233882 1 1228586656
26954 4744646 1 1176329757
1695 6346624 1 1172181980
1756083 601005 1 1258296191
6249 370796 1 1252382075
16087 5026962 1 1162922586
68264 21208372 1 1282136575
7291 14269127 1 1226975744
1243 856012 1 1280427550
733 4666 1 1041107420
4621 11797071 1 1209683222
16984 8462260 1 1200420205
31172 9566779 1 1234529252
21896 1184454 1 1173311233
55100 3665593 1 1190870992
6314 241859 1 1215308764
21634 3574690 1 1153824609
920622 6898505 1 1247040063
2609 4524827 1 1252075359
33802 1382551 1 1122419592
170690 216955 1 1228352318
2585 7604428 1 1282977381
750 4518812 1 1171133456
71288 300843 1 1201298110
13234 3427191 1 1281384246
4390 3883815 1 1193287720
45398 10881868 1 1204487437
89640 12991927 1 1243296894
6787 319816 1 1164033747
1020 5286897 1 1169546086
3156 8913983 1 1190736210
105531 6906078 1 1175864299
59459 392453 1 1245289922
145926 786465 1 1182533247
622522 51036 1 1164634341
76028 4789419 1 1242101431
408312 1324418 1 1117633717
13079 1167019 1 1225044669
19033 8442552 1 1186998640
11475 21348 1 1242293783
825 1561977 1 1267566931
8533 12272242 1 1212911166
556890 17110774 1 1269981511
1410718 2172639 1 1153972762
13982 7753611 1 1261522827
6776 6101966 1 1170475555
114734 3106568 1 1236230571
212451 5733313 1 1247673655
205557 4059149 1 1218990487
6206 17841308 1 1211243442
64942 414926 1 1206047896
21429 9376357 1 1194403893
15553 2353091 1 1138027667
565964 786249 1 1098169728
527 3742358 1 1181256240
15295 4249569 1 1225204365
3646 766382 1 1132142011
44220 12447467 1 1267138211
739 146325 1 1166530528
7129 11385047 1 1216023352
632 978647 1 1167145951
16409 3615068 1 1149951866
1114 8510200 1 1189604089
7845 361857 1 1226898030
898 15181365 1 1233529003
13982 8960701 1 1259817674
3808 2791819 1 1196041966
128611 167249 1 1197921447
2553 20822690 1 1279393207
11271 10993977 1 1276485936
33473 4905721 1 1186154418
19585 18244736 1 1260965542
38258 14173825 1 1231631947
277427 2792404 1 1269040675
21478 13293913 1 1241042171
14129 11028207 1 1205263176
18134 4762623 1 1176263851
31904 20738638 1 1277866086
37 154342 1 1046208412
2917596 5273956 1 1270481838
38540 20660294 1 1277164145
31223 642677 1 1093643544
1988 3416141 1 1148319861
622805 30925 1 1209901282
2184 4648563 1 1214046569
5048 2587795 1 1138642641
416419 685776 1 1221270372
23771 4537634 1 1167176130
24923 12882452 1 1223978493
45906 5712897 1 1172134088
111378 43636 1 1224090273
516 2078546 1 1279282923
184056 16700367 1 1247050725
2339881 10417819 1 1239681447
61208 1228836 1 1113923722
6307 8683397 1 1260276739
13982 1025937 1 1261829945
29722 172562 1 1234030582
68911 19420359 1 1272746358
73915 34151 1 1254841444
516 54885 1 1188751916
421 2189748 1 1162786014
3302336 20620338 1 1276845808
62035 737996 1 1207184759
57237 7308780 1 1199359522
4621 6139808 1 1212801958
72232 6432608 1 1173058873
40394 3372228 1 1157641987
89447 1583570 1 1122409387
4311 5637373 1 1280664410
3188 12400891 1 1216758348
3573 1874805 1 1127756274
6392 309179 1 1203750112
34620 13066218 1 1172865036
177974 14696771 1 1255797106
2168238 5693165 1 1167406078
45083 19217211 1 1275697366
49392 7388707 1 1227632966
552744 4858084 1 1160372408
2418 1640909 1 1172327767
670 13651788 1 1222674189
322474 2649056 1 1182510151
11943 8505081 1 1209024687
44522 1596118 1 1187570048
9001 6712244 1 1187350558
632 23295 1 1157463038
14378 437199 1 1149507009
9004 4384414 1 1177609760
9234 6158205 1 1180780685
8128 7143649 1 1230212788
865474 2737032 1 1143313290
1120 9380318 1 1235349765
2663 11604544 1 1214526033
8128 2651296 1 1228434558
62167 250791 1 1206173501
7353 15171527 1 1233430878
6432 386742 1 1101177214
86809 147211 1 1190169767
5121 312888 1 1130088666
105442 3963012 1 1190919763
35652 1197681 1 1164142063
75041 3062109 1 1174596348
61391 14090690 1 1226324014
5107 15570625 1 1245987775
81978 6434171 1 1176306626
1061 4425267 1 1232832248
264753 2216674 1 1133752734
61737 2217881 1 1149175665
48621 4117438 1 1182373610
88357 16892539 1 1245916944
6114 45234 1 1231269311
48394 3182008 1 1203568687
30616 3388350 1 1229637707
23175 1666007 1 1221803474
80894 17836 1 1221287010
13794 16627845 1 1253475693
37026 2145017 1 1152596182
7459 851386 1 1192160347
3577 9862 1 1189625991
4390 840291 1 1192669698
14651 19795473 1 1230701707
113450 1607090 1 1190158290
95135 16812028 1 1245523059
104589 57335 1 1149586943
11271 99174 1 1276846389
535 4170236 1 1204567616
463 913677 1 1166381822
14079 8326900 1 1186101991
25 1812719 1 1154283834
1264782 201793 1 1258304130
41531 16567888 1 1243631480
10455 3426954 1 1203478425
191 573693 1 1132113420
52194 1282725 1 1190121125
36136 11893147 1 1211074635
5069 45654 1 1126163417
26120 5964119 1 1239154261
1817 1023222 1 1189309110
31621 13333638 1 1280347046
12765 1126303 1 1176674567
22983 40781 1 1110558323
535 3062158 1 1148991721
7120 13514383 1 1243447231
11840 11390369 1 1266522095
19468 8927113 1 1255163389
50154 667949 1 1154047599
898 8474346 1 1215159959
1008748 3914677 1 1203890366
582 3184731 1 1153269559
63012 10124 1 1179700696
684759 9657122 1 1216133666
3075 1105840 1 1279680329
3426 17830551 1 1242424637
5028 5271856 1 1163910363
23 28298 1 1033668926
186870 10565679 1 1202692210
1677512 1355919 1 1117414017
28459 18901673 1 1263146558
109427 479032 1 1219262880
82043 260007 1 1274315880
6942 11963099 1 1210858217
3445075 12366517 1 1177016437
3923 955058 1 1161294279
3117516 12505548 1 1250882101
181065 6535283 1 1206249851
5672 3153028 1 1209231404
1246908 6059657 1 1172805306
2292 19539505 1 1273388078
2809508 5584974 1 1194650100
934 9639 1 1101785422
250916 13043595 1 1218304461
3337535 10647955 1 1203006444
398883 12948711 1 1222171484
1384141 2073299 1 1253877700
38481 1199741 1 1129392439
161427 3674 1 1173581008
4236 420119 1 1258011891
65178 4127366 1 1248303166
22635 53527 1 1191399313
26116 4359747 1 1172776733
3523 3705352 1 1249692569
142234 478227 1 1148247116
651143 1105417 1 1280186301
352772 179140 1 1257872889
680442 32990 1 1161888703
1232 572213 1 1223616106
47343 114275 1 1092930350
898 818408 1 1197490259
25752 9759425 1 1219973898
704 8510629 1 1282846486
12838 147386 1 1057320302
42476 15899074 1 1189395870
691816 18839860 1 1272328824
22202 12813368 1 1276065966
1752608 7878976 1 1182777110
12399 7708447 1 1181502256
16235 284764 1 1090131967
991 1020291 1 1147598590
1396309 3921450 1 1186246912
1350 5291651 1 1164638983
72125 3839898 1 1217066762
15849 1278915 1 1140972822
17912 1382476 1 1134456162
9609 487050 1 1272136194
3365 911292 1 1195164394
54183 44088 1 1150770560
4688 284948 1 1216006467
13809 13046625 1 1218324808
43862 9527301 1 1208830063
231080 618483 1 1163285685
421 6509573 1 1179579958
142207 201351 1 1122354982
2071 12552822 1 1215231215
2948643 7197212 1 1179310137
104734 18038210 1 1282203482
51976 6833995 1 1219608422
7333 7566368 1 1200427930
32194 13735784 1 1223209597
3033016 6068585 1 1201843768
54661 776124 1 1264812527
53554 3935840 1 1153938961
788890 1586511 1 1283342726
11752 1248946 1 1132521581
57375 21762 1 1185245441
291 1042172 1 1164640975
99575 1892319 1 1129981922
70680 1427629 1 1196975546
33915 1626658 1 1136175864
32409 3865073 1 1209943177
44763 1369378 1 1165270676
6057 11203288 1 1206104507
35960 2997355 1 1207927387
326934 160326 1 1150413002
151699 1788428 1 1266758348
13882 68614 1 1228421206
258 2257770 1 1134348087
140692 1983315 1 1195892796
8981 187287 1 1133010641
7004 3670136 1 1248850693
98590 658146 1 1203258811
344319 11593131 1 1208433033
7353 21311965 1 1282677805
11964 14018126 1 1225146738
122766 1011825 1 1244795774
54430 12992131 1 1219505196
30919 12666874 1 1223947055
516 990122 1 1219093877
304 46307 1 1116944902
273874 13034334 1 1218326976
32812 707092 1 1149638267
1013 9438823 1 1215398094
516 5065012 1 1177784535
4398 2488570 1 1150380017
516 5770208 1 1224328372
879 3778109 1 1233910809
78081 2094840 1 1237624500
30919 1271114 1 1240951050
1796 21152469 1 1281672568
2468 13667660 1 1222769800
13974 2566723 1 1213041538
1230 797191 1 1268573413
9832 295335 1 1152622451
43354 4830206 1 1188588880
3673 8006650 1 1242489022
24944 1207494 1 1252001381
1716 5228891 1 1170244442
61073 11078900 1 1205583293
7171 16793063 1 1277307598
245859 4987983 1 1180432986
72069 20604980 1 1276872830
2468 1002672 1 1106052751
970185 97315 1 1272162902
149844 704460 1 1225727750
2697945 18262137 1 1260269613
104507 16694667 1 1244551000
413864 279385 1 1099474026
141313 2562255 1 1210604080
8462 1315987 1 1139377403
103390 7049378 1 1183186930
43933 216582 1 1163476046
1176216 5184227 1 1181987993
8049 3877280 1 1200035826
1109 17656734 1 1252555507
2380329 9509922 1 1195171845
1178592 2020818 1 1225844043
106117 9657153 1 1246134865
35779 157569 1 1226963305
516 3030895 1 1260994159
81607 4587660 1 1158022273
1859 264386 1 1223839416
936 120110 1 1249620818
63434 8148973 1 1222893843
2516 277770 1 1242418568
1417100 282769 1 1165260969
13727 1133212 1 1168386657
6278 1350443 1 1250931178
17582 15249590 1 1248901367
7236 1844189 1 1215469447
9783 417124 1 1086857056
1091041 20649519 1 1277115167
3343 2807562 1 1223205393
1461486 505362 1 1244119880
696 789565 1 1177429472
881 8869810 1 1190287610
101173 6482825 1 1173007688
22144 35034 1 1186430097
252544 5771890 1 1236803326
312878 3443057 1 1260484316
937669 10779594 1 1203819022
163396 3711 1 1248502029
7184 17465971 1 1250888007
2573 10341741 1 1268334839
7664 10779724 1 1203817780
33473 551126 1 1263622242
114637 148711 1 1161277952
2759 337046 1 1075353360
51476 1350443 1 1238148752
302 2757091 1 1088014778
36902 5422170 1 1205306403
1182 4047365 1 1278214139
1209 23019 1 1206550585
557 1780643 1 1265444629
739243 13524941 1 1222288001
691816 8577459 1 1191752567
241016 5571570 1 1166318569
535 664832 1 1176096939
22076 2808161 1 1147460198
78 513640 1 1113359824
51 32325 1 1030679017
211293 1429088 1 1129322435
1007 814327 1 1114051277
13167 10947 1 1218661714
34291 659549 1 1262239185
26120 1555824 1 1200772036
1970332 895345 1 1256226624
1109 15158128 1 1233331086
2302 12165104 1 1256880965
1455939 645169 1 1232418947
696 5758868 1 1192667080
7371 388543 1 1079829109
39727 2106387 1 1131930643
45340 3476506 1 1148580343
451632 15859848 1 1238229945
709769 21100603 1 1281219925
1591893 10376182 1 1216872627
1035 1728214 1 1236267896
1260146 3730874 1 1227620205
3979 17846291 1 1276853775
2010208 10071719 1 1275910211
20459 4638035 1 1192210407
2964924 5380763 1 1261210743
1243 20893487 1 1282677962
826561 8146890 1 1202181482
20796 1959921 1 1195413029
691816 3698868 1 1183598372
1284884 884045 1 1188502897
24364 1800821 1 1157390552
1243 4584194 1 1263698951
516 4608402 1 1164840805
2312 17387178 1 1280192529
855 19139857 1 1270639629
267035 4054966 1 1154259714
6037 17926607 1 1254962588
11752 1853266 1 1127527550
4492 6910501 1 1232496761
562409 13407815 1 1233604411
5225 32550 1 1144207301
103500 7340613 1 1258223707
12500 10038737 1 1223452424
40135 583266 1 1089377256
516 5153266 1 1274390074
3172 8288866 1 1189639035
5367 44685 1 1160845525
48310 840759 1 1122263179
2653 2179486 1 1194339761
31207 20335718 1 1274440224
31360 8099151 1 1215961813
1137953 2077471 1 1206327598
7336 246175 1 1224876410
31621 13333638 1 1280447872
36136 2484965 1 1281751944
247188 12954027 1 1241794149
123250 3785129 1 1214477548
3434 9388631 1 1194291547
517 18969790 1 1263714469
3365676 11060224 1 1223496520
13087 1056698 1 1178056493
20396 7571270 1 1186344215
516 2583414 1 1190136801
33915 3541608 1 1281755642
18509 3154081 1 1179196941
182460 13769554 1 1229439631
2440 496711 1 1152317385
17540 3864896 1 1280906595
109811 16796217 1 1245428076
3852 16474931 1 1253038085
4390 257042 1 1144386812
37684 13318688 1 1229686835
489543 9012136 1 1198435018
6287 342362 1 1168728858
7526 14941781 1 1242609142
414667 136025 1 1267795368
11025 344510 1 1278181206
77816 63036 1 1123088789
3179 7346003 1 1178791804
124194 7353441 1 1208427630
9764 6873687 1 1274860518
516 19328019 1 1272341915
2213 17969003 1 1255357933
994 101860 1 1225900251
13982 4709014 1 1260498811
535 2050490 1 1149269115
1344186 2201084 1 1264079216
2976 3873087 1 1153662457
3385256 20145053 1 1273256533
12362 1075276 1 1265481181
6312 13242637 1 1243619123
516 5481729 1 1274365180
35319 706522 1 1130777466
50833 1083942 1 1140762684
890 286767 1 1138827313
16233 375988 1 1123884797
10494 101376 1 1206908919
129445 10777592 1 1203807491
324083 16670335 1 1251382413
338675 4716391 1 1176979153
6841 19415132 1 1269382829
196490 5422913 1 1197813660
316 3183642 1 1133733512
210905 7737067 1 1191176566
3738503 19070017 1 1265182859
123187 1294302 1 1150265820
2347 6171592 1 1220652824
21774 9542869 1 1244007671
535 1385665 1 1182450621
25255 256183 1 1220337739
63484 7954197 1 1279414526
19925 49710 1 1234800600
400264 809771 1 1233326676
571785 22631 1 1206706202
35781 813350 1 1178442519
66734 4318299 1 1274172664
7958 3014268 1 1261997014
30405 9978422 1 1251213596
1109 2723967 1 1171175350
11626 4089724 1 1193490130
211766 678653 1 1113387730
11540 857915 1 1118992892
10938 1898565 1 1191381776
156380 3557 1 1244485922
48626 3718049 1 1190747088
54843 3389238 1 1214599531
8229 16798502 1 1182479688
36476 13160796 1 1202166554
16913 634509 1 1091224791
2096 1578214 1 1265426156
2994 16673782 1 1278314765
259016 4074134 1 1157148585
1230 623447 1 1271455847
203934 963465 1 1104305471
60438 317289 1 1234529036
258767 18287662 1 1279730681
50854 505506 1 1206166587
104734 1769394 1 1265872497
527 18944670 1 1268177395
535 20172441 1 1276199456
1839001 11577813 1 1208176605
79432 250220 1 1145497647
1527 274644 1 1142624571
3195664 8084993 1 1184433926
153218 2149396 1 1257111596
1426 25840 1 1098690707
181252 407509 1 1164744290
535 20294246 1 1281842415
1169 1979141 1 1253510327
2710 6953031 1 1266845535
914519 5591057 1 1180999852
2694 18921932 1 1263516175
3211 10040229 1 1199166516
2700 13014750 1 1218067314
24835 15898654 1 1166030438
5736 287 1 1174619421
157 1054149 1 1116955516
909388 6018624 1 1192925405
58619 3240202 1 1148546029
6531 211376 1 1168647988
79701 211363 1 1278416774
32407 10152505 1 1199841984
4187 1659477 1 1140987817
39415 9034247 1 1191642056
4577 6781428 1 1217519681
8805 13515744 1 1223661673
379542 1102768 1 1193496510
2561 866997 1 1256667068
9013 1236046 1 1256958624
2868 568283 1 1135499659
691816 6423836 1 1182870053
1863 508897 1 1175221285
2123541 1235533 1 1114073662
68643 7004323 1 1176468312
18293 441965 1 1216048601
21604 427298 1 1238215839
44517 463158 1 1172542065
601760 13613785 1 1243979653
3748 5467360 1 1165517191
46920 1555831 1 1182411184
8463 5693877 1 1279977190
1525 3388350 1 1187359183
167 213722 1 1077665435
139525 963744 1 1209584468
112469 122891 1 1258951274
1283017 15006633 1 1232273329
992 6759625 1 1218558821
5102 551671 1 1158463665
15768 9266912 1 1229398922
215895 17943818 1 1268372294
1757 8681037 1 1256667268
61383 1685955 1 1234544332
601552 4371507 1 1156327123
535 10964461 1 1233367577
2795874 3888911 1 1165534215
57769 762 1 1156369157
715 13222290 1 1214472519
32157 18495740 1 1259810974
23738 640475 1 1132068906
17832 12893144 1 1229167818
42880 19545507 1 1230346709
29933 32068 1 1165728770
4063 3432766 1 1266498491
2723 13799163 1 1223600780
26120 7781340 1 1187235424
1077 9740403 1 1212416314
496309 7199391 1 1203954447
9610 5256397 1 1205864142
17146 1914254 1 1140427861
3548 9988737 1 1211821715
15625 190081 1 1197071582
672352 19273247 1 1269026544
260947 1587835 1 1235587841
4724 23869 1 1235273703
1035 13529537 1 1221713215
742 2711051 1 1142711345
124366 173887 1 1197772445
31743 10735591 1 1211215682
153 70334 1 1108393530
246347 3029629 1 1166037217
8121 4265580 1 1180965335
2631996 17393458 1 1250287197
39861 516672 1 1183498714
13203 14326007 1 1238930588
640000 13769457 1 1240975155
5383 2409951 1 1156349749
4884 14251419 1 1226881062
39637 3239164 1 1178035344
16548 1530656 1 1140018973
433668 160628 1 1067714458
261 11284753 1 1206392049
921 3855180 1 1198215131
13890 10553278 1 1237408444
51050 1352972 1 1218246897
118490 8575754 1 1189009416
302397 653091 1 1103741051
516 3287658 1 1177089388
54129 10260256 1 1255022326
482317 364049 1 1143445983
70474 5841042 1 1202646609
55277 2453271 1 1191481961
22097 3381049 1 1122676800
691816 18839216 1 1280708476
80996 1352 1 1281960624
13386 6646757 1 1199129144
34095 2264413 1 1182893334
143786 633440 1 1157396757
51053 10604 1 1166866589
16333 5920393 1 1225461704
7498 7317135 1 1178594570
38007 1047 1 1081695869
6236 4280100 1 1252798426
696 93090 1 1180702385
881 7106752 1 1177029361
142967 2178843 1 1151061009
50716 7692617 1 1186935709
2456 2768731 1 1147175304
1508316 549028 1 1250952318
4261 199985 1 1199921622
21034 14825602 1 1234092080
4187 70809 1 1220096653
11585 3873078 1 1226156495
30919 782938 1 1171373477
39637 4143263 1 1154975733
16333 1039429 1 1262340764
98741 60337 1 1141077018
49205 233241 1 1087399749
65670 4983 1 1226148828
17132 122575 1 1080915133
4085 305164 1 1071492161
49444 10983833 1 1225177209
21337 2898195 1 1201799231
1214281 515024 1 1263643238
1503 22981 1 1153673033
25450 4582826 1 1157978592
691816 8681199 1 1198195822
1058 1579286 1 1249113208
516 19049962 1 1272332230
71267 935187 1 1172617427
17203 2902040 1 1150693187
215883 15776804 1 1245443765
5097 2236291 1 1158087347
9779 19589866 1 1270359607
684759 12121564 1 1238165749
786 523896 1 1174917623
45121 15679545 1 1236976318
797 1849202 1 1184196898
8794 7303935 1 1178471645
17477 65617 1 1250124058
21634 7972944 1 1231939863
1261 171224 1 1225485078
11794 3342619 1 1169989091
4678 19866180 1 1270817248
373524 11951518 1 1241018401
6906 44823 1 1194031228
10231 7835409 1 1182426519
55903 535672 1 1149273909
1708 21274550 1 1282500125
3171 3525451 1 1183931835
535 1542593 1 1152801249
31213 19885287 1 1271110904
3413 10687165 1 1241143436
16933 2160763 1 1202153908
2886 377555 1 1108269513
104734 16642167 1 1252829314
88009 16261449 1 1241261191
59649 6421 1 1205460339
9927 21204 1 1202264575
425 3759546 1 1162016105
896 349144 1 1186083527
25756 255481 1 1071357290
10003 10177175 1 1222145738
1218 15181856 1 1233510544
35278 12135721 1 1212018627
2630 7811283 1 1249885395
38608 13548964 1 1240906745
84738 4522949 1 1224887210
2269773 21109197 1 1281308987
31839 5422059 1 1222171184
54691 10469 1 1171657817
11626 16980293 1 1246705108
41915 18642925 1 1260993969
39891 16558167 1 1244011034
8619 1056210 1 1124930661
8128 1278544 1 1226582967
3697097 18022529 1 1255805284
6402 374725 1 1134677350
517 2668305 1 1274031294
2180482 7262894 1 1199946493
8557 11273 1 1173834894
535 4658417 1 1177286073
26904 15463620 1 1235774671
57470 4572329 1 1248091090
574199 620296 1 1162979707
16634 11374496 1 1207183037
21912 2520605 1 1137837714
567 403135 1 1230490086
1714784 867791 1 1273167717
25386 304033 1 1124062822
5482 710200 1 1215885214
589356 8051514 1 1207382351
495533 19990194 1 1274863329
21215 8769889 1 1278865986
1662 970896 1 1160500817
1251373 1350443 1 1219730493
38525 15691401 1 1258600506
387710 11937940 1 1237807746
1312309 4924948 1 1219604275
2994 7300448 1 1204242210
1146 20887296 1 1279410367
5197 1267109 1 1136710350
1276 39622 1 1051614162
8872 15833536 1 1248830307
82398 9084131 1 1192024452
47343 112195 1 1092775909
527 1337089 1 1160520201
223 7094 1 1208882702
1000 8870066 1 1195484979
4759 17041308 1 1247912705
559491 530981 1 1262162525
10262 2315665 1 1136867326
691816 5952471 1 1203882499
312231 324086 1 1149550374
2294 1350443 1 1235581161
1534 2412654 1 1157258709
253676 242066 1 1162260839
898 2289474 1 1192477160
6896 18633 1 1246011770
4048 592298 1 1210531293
516 10277422 1 1200644916
15794 8159600 1 1259646469
230438 395377 1 1176331743
5540 289920 1 1196491473
2221166 1455526 1 1253709798
715 9161 1 1143713581
1902796 825548 1 1266729295
54899 4943434 1 1234541765
96777 478087 1 1209858769
24310 15896315 1 1275866593
38374 12427259 1 1214082834
27973 1744905 1 1125297703
1598 637429 1 1191337773
7348 386672 1 1154671637
2728 12983870 1 1235089877
19805 255572 1 1129163564
13565 1657694 1 1194689885
184548 12945702 1 1252327121
10020 13310651 1 1229671312
6071 12566007 1 1214926943
24047 1772241 1 1202809470
112118 11993536 1 1211060429
3121 1760018 1 1134941659
53006 1703939 1 1124593606
6730 17810339 1 1254010507
172 453199 1 1098034952
2516 5440795 1 1165429972
9726 3833099 1 1156939347
5558 6438145 1 1200016543
1843140 904579 1 1172524724
85661 1437071 1 1247365895
696 787082 1 1233331275
7885 744317 1 1280343155
6236 8597214 1 1241303369
6883 15049493 1 1232564055
2476 2173291 1 1236832015
7424 203113 1 1205771375
243801 18945104 1 1269554946
260947 334434 1 1235421198
10678 1497696 1 1131128805
72921 1642717 1 1154972385
91773 2658540 1 1214073444
2964 19560527 1 1268822394
219283 1445310 1 1210440989
38736 7630005 1 1242961672
9621 1259587 1 1266638211
176 12794547 1 1261224931
1007 15572039 1 1236961904
20325 1440301 1 1151742681
44686 884918 1 1153548961
898 249386 1 1212616334
659276 7336594 1 1193334468
877 18673428 1 1263350849
69596 626574 1 1272313896
16333 3761971 1 1213778328
142198 16387648 1 1242997548
12007 2460265 1 1255227462
27271 367173 1 1121020751
1594 6006670 1 1170722125
846441 416597 1 1135810473
12862 161285 1 1279697237
85661 396168 1 1264809600
41496 8831756 1 1189988060
289766 14685806 1 1236729698
1944959 3993103 1 1237338776
1243 19325518 1 1279174556
1834 3740466 1 1191368901
322455 7933006 1 1238304287
13495 3607060 1 1238257448
378384 11708985 1 1222038331
14844 10157419 1 1225837411
30661 7447 1 1205958825
898 14928783 1 1231712166
934 4347 1 1177612940
147178 13345920 1 1227533768
53352 11088930 1 1258377994
4390 15198944 1 1233632761
7211 2262625 1 1263453252
4119 7969 1 1170222318
209758 19322881 1 1268795197
5482 2030245 1 1176918231
6285 18066701 1 1256176253
24091 2175554 1 1239393403
1288 198907 1 1101280335
13478 935605 1 1140377906
28426 721739 1 1252755496
21374 188665 1 1168655854
159 15350 1 1161294652
1035 18934251 1 1263405929
691816 7262225 1 1214862020
184548 10003748 1 1241084210
68093 2973323 1 1144071911
81322 2173959 1 1148527594
2443249 6436885 1 1173695715
460257 16062161 1 1256818889
27991 134703 1 1242593573
6859 8303135 1 1217121479
81743 695113 1 1191113098
3061 13228070 1 1159717907
69596 627209 1 1225738612
35781 11215627 1 1226574539
41298 5069387 1 1162240043
8965 970581 1 1104613796
567 1123134 1 1213222917
15260 37026 1 1229027132
33461 1486191 1 1191483645
411456 20881679 1 1281907581
898 18161539 1 1257780304
11742 1779625 1 1143889266
14364 28539 1 1248123131
1225 28145 1 1243543242
108991 18629588 1 1262196362
6037 7840637 1 1182460376
2771248 13159796 1 1272339745
600739 151093 1 1274554435
30008 8790214 1 1199913265
517 6737793 1 1274934322
47762 12475662 1 1214238300
2182 3079949 1 1236436616
547081 468194 1 1160962342
2983 750433 1 1103287068
33362 7566729 1 1190471487
1980 9782861 1 1218410824
535 14358708 1 1270287457
3646 167766 1 1147364001
2653 1725818 1 1267223066
177807 2418109 1 1160539409
2459 8275814 1 1223047684
2625339 5421578 1 1165097429
133644 7592616 1 1180653226
97196 2025663 1 1282438032
278830 3203320 1 1176855815
3673 3286045 1 1183415039
255443 9706659 1 1205229138
691816 8182156 1 1256144141
22816 19213959 1 1268096679
376 2503563 1 1144040442
