323289 981069  1 1162422000
69719 1585715  1 1170457200
27985 1896161  1 1175724000
1292 189530  1 1162422000
180440 126628  1 1174258800
23326 23932  1 1162422000
22788 70473  1 1162422000
1521242 1519015  1 1163372400
49654 1525  1 1162422000
13435 72274  1 1162422000
1912877 3502  1 1173222000
85124 6109  1 1162422000
93740 55229  1 1162422000
101698 275357  1 1163977200
256409 22154  1 1173913200
1935838 42962  1 1174604400
59880 15539  1 1162422000
17918 420  1 1162422000
60247 966  1 1162422000
67988 4443  1 1162422000
50685 91648  1 1162422000
15373 5153  1 1162422000
178323 3409  1 1162422000
99271 97097  1 1178575200
2273892 2276487  1 1178834400
22316 22331  1 1170457200
15227 1562864  1 1170457200
62745 224702  1 1162422000
1319108 59953  1 1162422000
164045 370541  1 1170457200
37544 14937  1 1170457200
511461 285859  1 1170457200
57902 1487220  1 1170457200
197646 74881  1 1170457200
1553403 218920  1 1178488800
4439 1821  1 1162422000
75479 54780  1 1162422000
20335 301328  1 1162422000
527889 167162  1 1162422000
716964 218762  1 1162422000
52815 5587  1 1162422000
164320 1857590  1 1174258800
17732 314771  1 1162422000
13258 37799  1 1162422000
1178548 275094  1 1170457200
1591488 74598  1 1170457200
8041 98285  1 1162422000
1919866 69985  1 1178316000
761510 925965  1 1162422000
79350 8733  1 1162422000
79736 197587  1 1162422000
61036 7863  1 1162422000
49416 185530  1 1162422000
857223 448161  1 1162422000
1304554 5246  1 1162422000
1193944 104352  1 1164150000
94 34791  1 1162422000
77589 92331  1 1162422000
20183 37805  1 1173222000
229067 465803  1 1173308400
142903 1556421  1 1177365600
29324 79603  1 1162422000
25853 1371795  1 1164063600
173995 76820  1 1162422000
30576 50887  1 1162422000
45141 1471  1 1164150000
38061 363867  1 1170457200
1588712 25669  1 1178056800
575895 1853418  1 1170889200
4717 36972  1 1162422000
1547261 1548339  1 1164063600
315864 276480  1 1175551200
2214439 1892524  1 1178488800
103952 3191  1 1162422000
1195532 1520823  1 1163372400
2215961 1562209  1 1178056800
2151787 372853  1 1176156000
49433 9899  1 1162422000
2050400 1560271  1 1174086000
1598108 24812  1 1170889200
365504 80209  1 1177884000
48852 79529  1 1162422000
108791 1649760  1 1170457200
12633 27678  1 1164409200
124950 234630  1 1170457200
43259 15050  1 1162422000
80254 80745  1 1162422000
9685 8244  1 1162422000
5837 92483  1 1162422000
2101072 2110731  1 1175551200
91509 21926  1 1162422000
56183 1534361  1 1178920800
1301467 1890752  1 1172012400
65388 14832  1 1162422000
42667 1575120  1 1170457200
464085 1509689  1 1172790000
67350 79725  1 1162422000
2083211 74560  1 1174604400
1548546 123107  1 1170457200
1181974 1046  1 1170457200
172945 36689  1 1162422000
31330 5868  1 1162422000
61839 140476  1 1163631600
1981820 1591200  1 1174172400
1592779 172512  1 1175378400
31971 1628831  1 1173135600
1911590 1621917  1 1179439200
1202913 1600146  1 1179266400
37155 14187  1 1162422000
29788 25821  1 1162422000
223424 1651682  1 1175551200
1979891 1693731  1 1173740400
143732 12951  1 1162422000
573976 95758  1 1162422000
249314 27082  1 1176501600
14 15362  1 1162422000
98228 1428  1 1162422000
1330613 46942  1 1163804400
445344 81399  1 1162940400
258606 692079  1 1170457200
1791955 124915  1 1170543600
1588411 1500574  1 1172703600
95358 27550  1 1162422000
232436 67426  1 1163545200
82216 198587  1 1162422000
74891 14370  1 1162422000
1902089 1584233  1 1173740400
385349 50311  1 1176501600
1467 28505  1 1162422000
214875 58706  1 1162422000
634998 635004  1 1162940400
1595276 29922  1 1173394800
25318 203454  1 1162422000
1439163 79626  1 1170457200
27593 1531005  1 1174860000
1966135 28136  1 1173999600
2136417 2160037  1 1177711200
1142442 1142443  1 1173135600
1589997 1853491  1 1171580400
12687 55581  1 1162422000
170771 32414  1 1162422000
120836 1680544  1 1172358000
22857 1345  1 1162422000
137976 25357  1 1162422000
235018 32246  1 1162422000
79752 10305  1 1163890800
15854 106662  1 1162422000
1340403 1340407  1 1162422000
23118 10679  1 1170457200
751377 152434  1 1162422000
154809 37784  1 1162422000
177965 1600692  1 1170457200
261150 83407  1 1162422000
56215 6958  1 1162422000
2194509 2061230  1 1177624800
101747 313886  1 1172617200
1312217 100744  1 1162422000
2161382 231632  1 1176328800
489480 62863  1 1162422000
1277047 721704  1 1179007200
1795433 83547  1 1170457200
2310 2328  1 1162422000
80020 67864  1 1162422000
1586297 15544  1 1170457200
276844 71057  1 1162422000
1300255 435  1 1162422000
10235 25815  1 1162422000
59792 106892  1 1162422000
1889925 2204011  1 1179266400
309920 125219  1 1162422000
28001 100692  1 1162422000
5793 2231  1 1178920800
1862889 13336  1 1173135600
4461 20073  1 1162422000
10523 75692  1 1162422000
33073 23823  1 1162422000
1073 34945  1 1162422000
56458 232641  1 1164927600
203340 1582586  1 1174777200
43898 306267  1 1162422000
29724 46522  1 1162422000
5266 8406  1 1162422000
61767 79611  1 1162422000
3160 32840  1 1162422000
89688 3169  1 1162422000
74843 155050  1 1162422000
28564 29957  1 1162422000
1385 110106  1 1162422000
14241 9386  1 1162422000
1595020 125557  1 1175205600
79804 74789  1 1170457200
83366 138057  1 1163977200
2041515 232164  1 1173999600
4742 49175  1 1162422000
83686 68077  1 1162422000
53459 1894  1 1162422000
79567 75397  1 1162422000
1587722 1588532  1 1170457200
184173 15203  1 1170457200
3752 9387  1 1162422000
15543 74909  1 1162422000
298275 342044  1 1162594800
50921 80401  1 1162422000
36609 76499  1 1162422000
43629 20210  1 1162422000
37507 113286  1 1163458800
47505 1839  1 1162422000
227291 1596613  1 1170457200
130976 150930  1 1162422000
185461 4567  1 1162422000
45893 12301  1 1162422000
1720005 1640893  1 1179266400
13835 48863  1 1162422000
1991 3058  1 1162422000
362216 556747  1 1170457200
79793 22049  1 1162422000
42008 196302  1 1163977200
38108 28666  1 1162422000
101847 1235967  1 1162422000
1691859 1506560  1 1176069600
35300 3123  1 1170457200
415596 2036349  1 1173999600
29852 1250774  1 1162422000
25394 561  1 1162422000
1976121 236851  1 1174777200
7257 1212  1 1162422000
245819 370829  1 1162422000
138925 71704  1 1170457200
81313 25901  1 1162422000
141925 1569569  1 1164754800
12501 67677  1 1162422000
317739 9615  1 1164409200
1714879 960580  1 1170630000
1617731 1551965  1 1176933600
2036661 2293191  1 1179266400
8347 8825  1 1162422000
1876044 2086350  1 1176415200
1608869 1517107  1 1177538400
28882 8766  1 1162422000
22697 74882  1 1162422000
1585893 1776285  1 1173135600
214394 2449  1 1170457200
138054 124352  1 1162422000
79621 80231  1 1162422000
198657 265768  1 1170457200
2006025 101929  1 1177106400
2089163 27659  1 1174690800
1490155 19796  1 1162854000
1594811 2080451  1 1175896800
272098 2211132  1 1179007200
2075850 401881  1 1175810400
2012 13395  1 1175724000
4742 50295  1 1162422000
74561 83482  1 1170457200
242519 13206  1 1162422000
22047 14545  1 1162422000
539684 921106  1 1170457200
4697 1495176  1 1164150000
1884827 25274  1 1172444400
15347 192241  1 1173913200
95788 12972  1 1162422000
1608094 27545  1 1171062000
97666 101930  1 1162422000
1331471 74618  1 1162422000
228962 33028  1 1177711200
295417 765474  1 1162422000
1395465 1395464  1 1162422000
1587568 517692  1 1170457200
892831 807021  1 1162422000
20647 43336  1 1171407600
49731 195480  1 1162422000
189352 173321  1 1170457200
98910 400334  1 1162854000
329019 477636  1 1174518000
1518954 1537579  1 1170457200
325301 27968  1 1162422000
1117703 1090902  1 1162422000
154083 36676  1 1163458800
346810 1646632  1 1170457200
476406 1592528  1 1170975600
106337 102101  1 1162422000
1573014 1563184  1 1164841200
187562 2185712  1 1176847200
265 12815  1 1162422000
723508 2142575  1 1176156000
9846 8972  1 1162422000
10550 38199  1 1162422000
1843880 22712  1 1170975600
353830 1560344  1 1170630000
253826 291020  1 1162422000
1789073 2297746  1 1179439200
2599 9708  1 1177020000
300328 129718  1 1179007200
45432 75465  1 1162422000
80741 61544  1 1162422000
72520 12855  1 1176760800
1588371 7771  1 1170457200
80100 196852  1 1162422000
5612 25844  1 1162422000
98042 29541  1 1162422000
1790440 225396  1 1170457200
75219 5605  1 1162422000
36684 14984  1 1162422000
12545 28051  1 1162422000
1525140 2257556  1 1179439200
81368 1586762  1 1170457200
1846299 58364  1 1173135600
1302592 74644  1 1162422000
6120 144378  1 1162422000
35686 35752  1 1162422000
97165 53955  1 1162422000
1202 171940  1 1162422000
1331462 74671  1 1162422000
9339 10370  1 1162422000
10402 27558  1 1162422000
3488 310535  1 1162422000
1504514 1603723  1 1170457200
1345278 80849  1 1162422000
2166514 608397  1 1176415200
8596 105014  1 1162422000
2300619 1613861  1 1179439200
267843 318504  1 1165014000
16262 79585  1 1162422000
173599 186267  1 1174258800
395 67403  1 1162422000
75143 72613  1 1162422000
105339 114655  1 1162422000
80305 74540  1 1162422000
1608483 10440  1 1170457200
243310 84877  1 1170457200
1770649 1770644  1 1170457200
402127 402136  1 1162422000
59578 11211  1 1162422000
102116 1588818  1 1170975600
1546444 12518  1 1170457200
135766 19839  1 1162422000
95847 585517  1 1162422000
11873 47801  1 1162422000
79934 74624  1 1162422000
203469 22710  1 1162422000
1588672 1604245  1 1170457200
374620 9262  1 1174860000
81063 61960  1 1162422000
4362 42450  1 1162422000
378270 195355  1 1162422000
147032 9657  1 1162422000
27569 27510  1 1162422000
1811910 27742  1 1177538400
1539895 1595402  1 1170457200
46907 70808  1 1162422000
393002 804978  1 1162422000
161728 377537  1 1162422000
175929 106973  1 1162508400
12685 25059  1 1162422000
68938 154572  1 1162422000
1597489 1594639  1 1170457200
101902 154125  1 1162422000
152677 73602  1 1170457200
14037 2225  1 1162422000
231918 176997  1 1162422000
446568 478227  1 1162422000
22738 37472  1 1162422000
36698 5104  1 1162422000
177185 203741  1 1162422000
62123 1489672  1 1170457200
274793 53191  1 1162422000
1594643 1518558  1 1170457200
10818 13869  1 1162422000
2092207 208136  1 1174690800
172911 37507  1 1170457200
1247410 169866  1 1162422000
312349 1073612  1 1162422000
1489672 1587982  1 1170457200
51891 1586446  1 1170457200
397426 696307  1 1162422000
252759 760825  1 1162422000
4460 4375  1 1162422000
574019 115873  1 1162422000
58703 503860  1 1173913200
42964 24484  1 1162422000
175747 1157996  1 1175292000
822777 586595  1 1162422000
31205 923554  1 1162422000
54851 14536  1 1162422000
10240 9305  1 1162422000
947998 343010  1 1162422000
8701 1849960  1 1175724000
1614797 1588815  1 1176588000
238198 1494035  1 1162681200
1577336 28008  1 1170716400
2024540 2024536  1 1173913200
2110537 1509157  1 1179266400
560536 923262  1 1162422000
1210341 394134  1 1174172400
62485 9864  1 1162422000
279315 1194276  1 1162422000
27541 274951  1 1162422000
4808 63092  1 1162422000
232436 25048  1 1170457200
271892 26974  1 1162422000
34259 1585660  1 1170457200
1708710 423672  1 1171580400
1745884 2080670  1 1175724000
54827 399461  1 1162422000
10487 8213  1 1162422000
25533 97982  1 1162422000
174901 494294  1 1170457200
1007593 234536  1 1162422000
325052 134704  1 1170457200
1594442 1588600  1 1170457200
164014 182774  1 1165100400
677859 32074  1 1175119200
234632 97008  1 1162422000
2227952 31597  1 1178661600
17432 14618  1 1170457200
12566 98778  1 1162422000
3167 95799  1 1162422000
81152 80776  1 1162422000
22783 81455  1 1162422000
154759 1597894  1 1170457200
3261 7929  1 1162422000
36085 29131  1 1162422000
1519658 75569  1 1170457200
1585690 80305  1 1170457200
597092 86215  1 1162422000
2123161 359123  1 1175464800
43603 7018  1 1162422000
79529 62215  1 1162422000
809530 136423  1 1162422000
1878950 24138  1 1176415200
7383 169229  1 1173135600
4650 8342  1 1162422000
2135832 357671  1 1176933600
5119 1566238  1 1170457200
10399 9642  1 1162422000
2170635 2175327  1 1176588000
1794462 83488  1 1170457200
738169 1596633  1 1174946400
1271892 1271881  1 1162422000
1468011 1059640  1 1162422000
8852 10020  1 1162422000
53054 366363  1 1162422000
9381 15166  1 1162422000
712310 235145  1 1162422000
1434406 12551  1 1162422000
8453 42533  1 1171148400
135420 71930  1 1164322800
26853 79997  1 1170457200
747415 543053  1 1162422000
1954 2186911  1 1176933600
62638 38370  1 1162422000
1940354 172512  1 1173135600
81620 238205  1 1174860000
197544 75600  1 1162422000
1923582 1921414  1 1172444400
26677 1173674  1 1170457200
83334 79529  1 1162422000
43515 213669  1 1162422000
6892 775  1 1162422000
10583 203489  1 1162422000
20784 985  1 1162422000
29269 95374  1 1162422000
2183568 17351  1 1178402400
1864898 61950  1 1177711200
275408 5725  1 1162422000
16227 6061  1 1162422000
2091085 16094  1 1174690800
79444 11231  1 1162422000
154643 287337  1 1170457200
1522950 4598  1 1163718000
125557 269734  1 1170457200
97841 28108  1 1162422000
36819 153958  1 1162422000
1910892 2245449  1 1178316000
3188 40067  1 1162422000
114109 61089  1 1165014000
2263775 131881  1 1178661600
1210555 2213833  1 1177538400
38281 22291  1 1170457200
2263695 2097012  1 1178661600
389 8698  1 1162422000
74579 74690  1 1162422000
38553 469068  1 1162422000
62837 4731  1 1162422000
770874 1517682  1 1170457200
1194620 23644  1 1162422000
792352 400219  1 1162422000
277272 2291886  1 1179439200
2186550 1167481  1 1176847200
34279 1585864  1 1170457200
1096 7244  1 1162422000
68355 28821  1 1162422000
29479 50400  1 1170457200
74956 79978  1 1162422000
9944 98070  1 1177365600
276515 1550700  1 1170457200
211030 1702438  1 1178488800
373801 2158  1 1176328800
17758 5455  1 1162422000
1690598 573269  1 1170457200
5795 437003  1 1170457200
1439655 154132  1 1170457200
43952 1908  1 1162422000
15561 62774  1 1162422000
1595817 232147  1 1170457200
173079 188113  1 1162422000
1514622 1593874  1 1170457200
52358 1560244  1 1170457200
1169967 1603811  1 1173740400
9642 25878  1 1162422000
907479 125143  1 1162422000
1171829 1171830  1 1162422000
62813 4475  1 1162422000
75222 72618  1 1162422000
74802 75020  1 1162422000
115496 1589756  1 1170457200
1612721 1467  1 1171234800
10324 392144  1 1162422000
1614083 45593  1 1176415200
365773 68085  1 1163199600
3176 669  1 1162422000
1224915 183622  1 1162422000
6965 57885  1 1162422000
57366 29867  1 1162422000
41866 1162  1 1162422000
2088315 2086797  1 1174690800
67355 505797  1 1174431600
87025 32074  1 1162422000
2298761 350641  1 1179439200
1819125 1819121  1 1170457200
101569 67465  1 1162422000
280877 300099  1 1162422000
234016 25231  1 1162422000
59791 99791  1 1162422000
83554 82951  1 1162422000
9412 3452  1 1162422000
2183 2275  1 1162422000
2233304 72364  1 1178488800
1491079 12694  1 1170457200
22808 22799  1 1162422000
2109740 466446  1 1175119200
1170640 34960  1 1162422000
1790885 1603100  1 1170716400
25101 316792  1 1162422000
840762 722305  1 1162422000
1585734 99410  1 1170457200
128523 88  1 1162422000
541317 1654217  1 1170457200
2217233 1910588  1 1178402400
15771 155028  1 1162422000
1383666 1639424  1 1170457200
83539 79865  1 1170457200
102012 101562  1 1170457200
1611165 589777  1 1171321200
58637 53000  1 1170457200
1585563 1596126  1 1176501600
43977 5214  1 1162422000
13430 7870  1 1162422000
25484 9615  1 1162422000
1927443 25854  1 1172530800
642 21052  1 1162422000
8982 3738  1 1162422000
155131 38274  1 1162422000
182805 182788  1 1162422000
97605 15241  1 1162422000
1634937 1962905  1 1173308400
2086329 2165768  1 1179007200
117378 192502  1 1162422000
553445 63492  1 1162422000
455983 66976  1 1162422000
269824 98841  1 1162422000
380814 74501  1 1173740400
1728 133579  1 1178748000
452974 103674  1 1162422000
1389076 14278  1 1162422000
1873053 2104103  1 1175032800
74945 75081  1 1164236400
1607831 1957297  1 1177452000
89221 133277  1 1162422000
276866 413727  1 1162681200
61678 77862  1 1162422000
66027 63344  1 1164322800
1847908 6505  1 1170889200
1600711 27993  1 1170457200
374806 1657174  1 1170457200
1087605 1009153  1 1162422000
71031 61535  1 1162422000
2109356 1811862  1 1175724000
36682 43218  1 1175551200
1379804 1379796  1 1162422000
4754 59077  1 1162422000
1423478 1423487  1 1162422000
1790812 232436  1 1170457200
1592870 173723  1 1170457200
206150 448171  1 1162422000
1502854 13012  1 1170457200
83362 1500092  1 1170975600
207688 307711  1 1170457200
187661 155340  1 1170457200
129581 189868  1 1162422000
23349 26853  1 1162422000
358276 621018  1 1162422000
1077353 1147313  1 1162422000
183148 1768043  1 1179007200
26988 105740  1 1177884000
37294 14704  1 1162422000
106310 119966  1 1162422000
2199444 1346767  1 1177192800
116692 77703  1 1162422000
119297 64134  1 1170457200
1187 62721  1 1162422000
1753745 1753742  1 1170457200
60136 5344  1 1174518000
13710 84081  1 1162422000
28059 205056  1 1162422000
362199 118959  1 1170457200
134435 23213  1 1170457200
1037 13477  1 1162422000
1187 71125  1 1162422000
1565099 1489594  1 1178920800
1974428 61  1 1173913200
1257756 1742854  1 1177711200
181551 151280  1 1171494000
9388 1433  1 1162422000
1767124 2085888  1 1174690800
465852 90825  1 1170889200
119399 871  1 1162422000
262466 1618119  1 1170457200
29281 1979  1 1162422000
161124 264236  1 1162422000
1538011 42641  1 1174086000
12938 12129  1 1162422000
81019 83376  1 1162422000
8814 1001  1 1162422000
1988537 1988538  1 1173826800
1878919 358263  1 1174777200
40530 377241  1 1175637600
75602 75806  1 1162422000
26390 215515  1 1162422000
1298172 83064  1 1162422000
740719 1091866  1 1162422000
50225 939  1 1162422000
567837 14456  1 1164754800
13137 7481  1 1162422000
1841756 1612824  1 1170630000
75768 255146  1 1164754800
53044 25947  1 1162422000
3373 28649  1 1173394800
172953 127099  1 1162422000
1247 48565  1 1162422000
49811 15663  1 1172790000
1556344 22859  1 1170457200
31412 190965  1 1162422000
173514 173655  1 1164754800
1587224 99029  1 1174690800
1211404 30947  1 1162422000
1547318 2241791  1 1178834400
1872850 1549275  1 1171321200
1287786 1287802  1 1162422000
1318787 14302  1 1162422000
398388 262278  1 1162422000
1993802 1993806  1 1173826800
163383 229215  1 1163199600
203484 25123  1 1173308400
4226 69669  1 1162422000
2187060 101710  1 1179180000
203731 27607  1 1162422000
19788 4555  1 1162422000
1604045 356161  1 1173481200
173674 36691  1 1162422000
98598 1346128  1 1177106400
1587594 424184  1 1179266400
22373 5050  1 1162422000
79774 48915  1 1162422000
270618 74424  1 1162422000
986627 1114873  1 1162422000
69328 25918  1 1162422000
25163 1587938  1 1170457200
155322 1210  1 1162422000
1065 13215  1 1162422000
13707 9463  1 1162422000
79470 75144  1 1162422000
1157576 1157573  1 1162422000
61777 1591531  1 1170457200
1333 355984  1 1163113200
743232 837411  1 1162422000
623969 266957  1 1162422000
1526989 1585774  1 1170457200
763802 1054952  1 1162422000
197632 154582  1 1162422000
397642 20987  1 1162422000
1587729 154693  1 1170457200
2261793 1565350  1 1178575200
13673 21496  1 1162422000
1821270 314792  1 1175724000
70256 47684  1 1162422000
1952845 1952847  1 1173135600
9086 23932  1 1162422000
3169 99048  1 1162422000
55615 62049  1 1162422000
1853400 1603697  1 1177970400
74994 15541  1 1162422000
1555029 1600708  1 1170457200
29497 1336  1 1162422000
13294 12615  1 1162422000
520914 763652  1 1162422000
169229 109728  1 1170543600
74854 34960  1 1162422000
33136 5056  1 1162422000
1192576 1192579  1 1162422000
20 24730  1 1162422000
74117 62339  1 1162422000
1596849 1644401  1 1173135600
1547326 1964060  1 1177970400
43765 64153  1 1162422000
7522 8091  1 1162422000
1519581 22836  1 1164063600
478458 654322  1 1162422000
94817 103755  1 1162422000
1634518 17324  1 1171148400
81384 79645  1 1162422000
1842802 306517  1 1172703600
38349 81520  1 1170457200
98599 1866112  1 1174690800
35546 168903  1 1162422000
28207 24560  1 1162422000
9686 50368  1 1162422000
1754274 11992  1 1170457200
82680 13256  1 1170457200
81493 74630  1 1162422000
1591545 37979  1 1170457200
1056274 1056275  1 1162422000
4864 74938  1 1162422000
26811 134238  1 1162422000
131767 29906  1 1162422000
1534905 3560  1 1175032800
1789358 1564561  1 1178575200
1494064 1073  1 1174777200
317678 1504735  1 1164841200
1277 31573  1 1162422000
1403752 1403751  1 1162422000
1587991 411046  1 1170457200
29502 1519543  1 1163631600
9894 46946  1 1162422000
1559212 203773  1 1170457200
364882 154491  1 1162681200
345438 37660  1 1170457200
74702 26864  1 1162422000
174289 188278  1 1162422000
13492 63116  1 1162422000
104717 1566274  1 1170457200
610674 192770  1 1162422000
2072013 2158773  1 1176328800
1303617 1303619  1 1162422000
597406 1710433  1 1170975600
1896072 1587445  1 1171926000
41383 75124  1 1162422000
1597682 1639466  1 1172271600
1745884 28169  1 1173135600
70687 104922  1 1162422000
19 8539  1 1162422000
62139 80128  1 1162422000
8290 14405  1 1162422000
3603 24478  1 1175551200
413681 246266  1 1162422000
28631 1552884  1 1172790000
75292 68068  1 1162422000
98325 27784  1 1162422000
108007 268138  1 1171234800
1855318 98331  1 1172185200
37533 61784  1 1162422000
240379 209077  1 1162422000
238195 26848  1 1162422000
948894 948896  1 1162422000
161824 124950  1 1163890800
1302027 13618  1 1162422000
79861 80067  1 1163372400
1789 59888  1 1162422000
98093 174616  1 1162422000
102138 12552  1 1162422000
22974 62630  1 1162422000
315501 935728  1 1177884000
1206 185744  1 1162422000
1604836 326311  1 1170457200
1605712 433191  1 1170457200
62102 74937  1 1162422000
1545127 265459  1 1164495600
298792 894538  1 1162422000
1587588 1530196  1 1171494000
68069 287376  1 1170457200
51613 247424  1 1162422000
1682760 2188569  1 1176933600
154081 71832  1 1163804400
37552 62087  1 1162422000
74686 1211467  1 1170457200
151602 13548  1 1163631600
62427 74947  1 1162422000
62817 98009  1 1162422000
84324 269795  1 1175983200
56014 301471  1 1162422000
8176 52821  1 1162422000
1597112 1604144  1 1170889200
27380 5519  1 1162422000
131728 22151  1 1170457200
17912 65442  1 1170457200
174038 61347  1 1162422000
53752 8316  1 1162422000
18342 221557  1 1162422000
7438 1069  1 1162422000
100577 181208  1 1164150000
777379 292454  1 1162422000
63508 68309  1 1162422000
10565 10578  1 1162422000
97979 25084  1 1162422000
5220 27163  1 1173394800
7285 483066  1 1176674400
384984 1517790  1 1170457200
80283 1587745  1 1170457200
1214761 239946  1 1170457200
200223 1586518  1 1172703600
36265 8546  1 1162422000
3266 13300  1 1162422000
1542997 1586199  1 1170457200
54 38011  1 1162422000
24082 92630  1 1162422000
7848 5583  1 1162422000
16742 119829  1 1162422000
84697 22825  1 1162422000
75222 479355  1 1170457200
4988 36673  1 1162422000
15070 13446  1 1162422000
15436 5868  1 1162422000
103413 1622890  1 1170457200
2235369 336447  1 1178056800
30913 23887  1 1162422000
79736 62951  1 1162422000
356399 175978  1 1162422000
9333 382  1 1162422000
1568942 5074  1 1170457200
222135 659015  1 1162422000
7495 388360  1 1162422000
306805 755636  1 1162422000
2020265 1594843  1 1174431600
24658 11782  1 1162422000
212806 15436  1 1162422000
74563 75650  1 1162422000
444175 42598  1 1162422000
1612986 2210  1 1174086000
12966 380757  1 1162422000
1989 9347  1 1162422000
47440 36368  1 1162422000
23625 6888  1 1162422000
400809 748661  1 1162422000
1319657 22883  1 1162422000
173505 175407  1 1162422000
1875779 1554963  1 1173135600
30699 1217  1 1170457200
45818 37062  1 1162422000
152479 19997  1 1162422000
28569 62209  1 1162422000
38733 1132  1 1162422000
22980 32311  1 1162422000
238187 1902640  1 1176242400
197545 1594518  1 1179266400
365358 154799  1 1162767600
10158 16546  1 1162422000
72550 73  1 1162422000
34932 154721  1 1162422000
135862 1939048  1 1179007200
204237 82009  1 1162422000
100336 188567  1 1162422000
1350954 39543  1 1178402400
378846 87053  1 1162422000
105359 5085  1 1162422000
1588687 1552894  1 1170457200
13322 17353  1 1162422000
2067 896  1 1162422000
69022 36149  1 1162422000
92026 13164  1 1162422000
345827 380258  1 1164150000
57146 14137  1 1162422000
1792942 37812  1 1170457200
74166 56271  1 1176933600
173500 36672  1 1163113200
149476 241186  1 1162422000
1585730 182296  1 1175205600
1906695 51399  1 1175551200
1413704 1413712  1 1162422000
430362 128549  1 1162422000
36776 91530  1 1162422000
102187 100763  1 1170457200
101072 11521  1 1170457200
1518532 1529591  1 1170457200
300158 230529  1 1162422000
83401 1500205  1 1170457200
116513 2235598  1 1178056800
95635 48907  1 1162422000
15584 310027  1 1162422000
14419 33867  1 1170457200
79661 82924  1 1163372400
390084 1591919  1 1170457200
356861 52956  1 1170457200
1588711 124906  1 1172617200
155487 7898  1 1162422000
58703 4608  1 1170457200
144891 43443  1 1162422000
28100 1640057  1 1173135600
16589 157502  1 1162422000
11469 1588681  1 1176501600
67577 71965  1 1170457200
278612 1888  1 1162422000
14730 1365952  1 1170457200
2080935 70991  1 1178575200
124876 30802  1 1177797600
29351 98688  1 1162422000
29530 97781  1 1162422000
68071 83444  1 1162422000
1596050 98757  1 1170457200
27157 27247  1 1162422000
15004 20066  1 1162422000
1983916 1592869  1 1174431600
1516095 10222  1 1170457200
2204215 15051  1 1178229600
1699789 1781013  1 1170457200
92206 22812  1 1162422000
261104 422786  1 1170457200
83402 4860  1 1170457200
81569 81200  1 1162422000
1563307 29351  1 1164582000
10331 62342  1 1162422000
97988 1868197  1 1178834400
148646 11357  1 1162422000
1562927 1495736  1 1164754800
49275 13431  1 1162422000
61034 5863  1 1162422000
288948 5239  1 1163113200
62077 22987  1 1174946400
4557 6454  1 1162422000
34322 13144  1 1164236400
17330 115804  1 1162422000
8613 5975  1 1162422000
14709 14679  1 1162422000
5071 36917  1 1162854000
1577612 654045  1 1170457200
3359 3169  1 1162422000
61755 75497  1 1162422000
51840 9207  1 1162422000
22738 1857357  1 1179266400
81542 80527  1 1164754800
23588 21115  1 1162422000
3746 10241  1 1162422000
384201 204322  1 1170457200
84596 57318  1 1163804400
572923 382982  1 1170457200
154266 1495548  1 1164236400
517170 485283  1 1172271600
127096 269875  1 1162422000
1010 123599  1 1162422000
154604 62107  1 1162422000
4544 1109  1 1162422000
80486 74664  1 1162422000
26637 530141  1 1162422000
365168 74589  1 1162422000
363443 154714  1 1164322800
87624 645494  1 1174258800
98917 1581  1 1162422000
232376 80102  1 1162422000
74880 238205  1 1163372400
6740 334803  1 1162422000
62340 83585  1 1162422000
2391 27452  1 1162422000
1175617 1585735  1 1170457200
1599490 15171  1 1170457200
1217553 1509259  1 1163026800
2036067 2183691  1 1177452000
211025 9090  1 1162422000
784 6384  1 1162422000
25139 1607985  1 1172185200
4631 5657  1 1162422000
1771992 1771995  1 1170457200
19912 27617  1 1162422000
101876 1597535  1 1170457200
94743 26609  1 1162422000
52740 5958  1 1162422000
284040 563639  1 1170457200
5588 7765  1 1162422000
2289 139415  1 1162422000
200268 22750  1 1170457200
85617 14952  1 1162422000
1302812 74759  1 1162422000
2026266 57885  1 1173913200
71497 8464  1 1162422000
146222 1598174  1 1170457200
1603692 12952  1 1170457200
17610 1181  1 1162422000
22170 784  1 1162422000
260803 772734  1 1179439200
57189 10416  1 1162422000
62332 83702  1 1170457200
1542937 551218  1 1173826800
