4034211 5473 1 1209480243
21716565 2 1 1209483108
5225781 185 1 1209492311
24431200 154901 1 1209471679
38790691 14863 1 1209494422
4019419 376 1 1209461145
7242201 981 1 1209470035
14020188 142 1 1209467368
10378177 127 1 1209485862
23529144 494 1 1209473225
14240130 140 1 1209464951
6901675 140 1 1209451305
29479635 177 1 1209479743
23906712 125 1 1209476488
4199972 129 1 1209446984
8679442 6510 1 1209483216
22697382 47561 1 1209483780
21508693 6 1 1209487303
25989127 142 1 1209474182
27421296 1500 1 1209476434
20166035 376 1 1209476125
6726443 376 1 1209448727
30091843 995 1 1209480255
4027573 3 1 1209455109
27061551 20 1 1209485680
12550945 140 1 1209454336
3902633 8 1 1209485337
4302030 665 1 1209488743
37737614 526 1 1209493926
8986909 10683 1 1209497408
4433290 20 1 1209458673
3651689 131 1 1209494709
3477265 109099 1 1209457051
15138374 142 1 1209462937
16616920 2900 1 1209463966
38057035 5102 1 1209496917
4054521 426 1 1209457842
24313962 426 1 1209480837
26693686 1586 1 1209482451
6384879 142 1 1209448876
14993283 3501 1 1209472575
13068752 652 1 1209455050
13774830 598 1 1209456323
7662423 8 1 1209498079
4604671 5436 1 1209498538
6505154 1004 1 1209448592
28226329 24 1 1209491330
35030824 157 1 1209488079
22634729 2172 1 1209468993
6222736 22 1 1209470255
10209268 20579 1 1209482206
17035485 41726 1 1209467790
24566387 177 1 1209482901
21633673 1743 1 1209475922
9538545 649 1 1209474943
3526082 1393 1 1209457275
8524222 157 1 1209450393
32201058 2 1 1209483883
6104478 2309 1 1209473303
9751023 4199 1 1209451998
3669795 8 1 1209470001
22171909 598 1 1209481869
15976412 140 1 1209484458
29342540 1269 1 1209484867
4318860 140 1 1209447113
4743531 19763 1 1209490028
18463374 2293 1 1209463021
11317744 2 1 1209465254
16919373 376 1 1209462010
12079312 131 1 1209492070
24874148 3441 1 1209480819
8461024 31336 1 1209450163
32873102 142 1 1209484118
13580345 1089 1 1209495344
25977994 1792 1 1209476178
4653829 1627 1 1209448457
5803740 6519 1 1209487473
20974381 142 1 1209466448
35421505 56887 1 1209487921
3337563 96347 1 1209448982
4872905 184 1 1209449961
20521057 142 1 1209465993
24710401 24 1 1209485664
4546283 1428 1 1209495292
15832164 131 1 1209459342
13883970 140 1 1209464365
15233980 2540 1 1209487333
35442683 1018 1 1209487995
12991102 152 1 1209467336
8997399 612 1 1209488454
3946337 185 1 1209494617
35099065 177 1 1209490484
10834825 4919 1 1209459840
13300863 26 1 1209465014
4345691 40438 1 1209448881
23771028 995 1 1209474655
6153090 14209 1 1209478825
3224270 21 1 1209461057
6677372 1675 1 1209473517
7403780 140 1 1209495800
27471450 5259 1 1209497555
33778252 3319 1 1209490264
15038523 42661 1 1209495227
3423910 29913483 1 1209480057
23892700 376 1 1209486295
11200385 823 1 1209466108
29343652 2186 1 1209496458
5000184 33030 1 1209466768
8613145 12471 1 1209450964
7080397 8 1 1209482135
24093160 3120 1 1209474848
13654293 1062 1 1209467694
37645053 2718 1 1209494757
8318696 2118 1 1209457242
5949721 22 1 1209449036
11827916 24 1 1209465158
4643459 5380 1 1209474493
32253195 4605 1 1209483303
8529877 4815 1 1209490132
16528117 3 1 1209460077
8068693 1808 1 1209473882
8260166 657 1 1209463129
7649567 5074 1 1209476369
20715816 142 1 1209465937
10214204 9562 1 1209466631
7599241 140 1 1209480176
14926801 2369 1 1209457795
26621553 983 1 1209494330
14774010 224 1 1209473870
9195300 157063 1 1209476322
4736022 221 1 1209456313
5444134 142 1 1209470176
18344725 22 1 1209471745
19968224 157 1 1209464794
3664981 612 1 1209459297
7374764 5646 1 1209495995
29907800 140 1 1209480784
26431592 2131 1 1209475024
36444029 224 1 1209498343
18876008 142 1 1209463081
34263300 177 1 1209486148
6628400 1510 1 1209484204
21790753 4992 1 1209467570
14185478 1087 1 1209463378
5873537 53663 1 1209451281
10619652 177 1 1209487798
3424749 2 1 1209499112
12597404 1479 1 1209454404
17931266 42938 1 1209468797
16308696 376 1 1209459884
14217545 665 1 1209491993
7764789 6009 1 1209459705
9283283 8156 1 1209450904
30964771 6365 1 1209497044
8577205 269483 1 1209497892
36789898 1379 1 1209492844
7221508 127 1 1209467714
20425757 129 1 1209466202
24397089 40952 1 1209471645
8065126 140 1 1209462761
15278245 1221 1 1209491486
34663442 2303 1 1209486974
11968914 52470 1 1209497044
4827952 24 1 1209454635
39484295 376 1 1209496079
5289965 756 1 1209450814
7890946 5266 1 1209456471
10440491 1403 1 1209482382
24043114 376 1 1209495232
3309982 1267 1 1209473422
7108917 20 1 1209452267
27909323 657 1 1209482164
24710216 27645 1 1209472593
12995454 6 1 1209475378
20243886 129 1 1209472318
19442760 1410 1 1209478032
4375704 526 1 1209460236
7280132 10412 1 1209472946
11317751 2 1 1209482365
5023497 129 1 1209484540
9090492 6519 1 1209489875
7871629 619 1 1209453994
6143423 759 1 1209493822
7061945 751 1 1209451589
7592347 24 1 1209450911
18873318 995 1 1209463240
5540209 152 1 1209458896
28141750 129 1 1209487011
37304485 771 1 1209491831
15795333 131 1 1209479475
29310908 142 1 1209492589
4015220 131 1 1209486005
40488905 157 1 1209499040
7403657 376 1 1209475970
5782977 1379 1 1209466044
30430269 2372 1 1209484861
17096400 140 1 1209460433
10658334 3627 1 1209495331
15890628 42407 1 1209459670
6779817 27786 1 1209449407
9643520 138 1 1209477583
25087974 222 1 1209472859
13492281 104987 1 1209472937
7133880 131 1 1209471807
24719450 4 1 1209476526
28250366 68791 1 1209477709
27295910 2876 1 1209478140
31052940 3540 1 1209495347
28717019 140 1 1209484966
4111628 144153 1 1209482154
5554937 376 1 1209482010
7036510 10591 1 1209483328
5240709 3627 1 1209475489
34753220 142 1 1209487954
15228431 70434 1 1209459648
19624204 1062 1 1209468248
11314127 24 1 1209477293
36419530 18754 1 1209490895
9111906 788 1 1209454279
4067297 4 1 1209480268
4935122 1479 1 1209447433
7964110 140 1 1209450971
29244790 44355 1 1209489256
13253644 22676 1 1209484058
20601050 14126 1 1209476206
21540268 3441 1 1209467154
35316613 1808 1 1209487778
20346670 7185 1 1209484700
31520519 129 1 1209482217
23766901 995 1 1209470720
21869327 20579 1 1209473383
4762928 24 1 1209491727
19958825 224 1 1209466737
3223894 21 1 1209465328
5541535 30859 1 1209449303
3607558 8 1 1209462707
33562019 131 1 1209486231
3936436 532 1 1209463176
13904782 140 1 1209456193
34793855 185 1 1209486984
27283764 131 1 1209491053
9932491 129 1 1209496849
31601556 665 1 1209496308
7400401 129 1 1209476093
12197515 2876 1 1209456469
3401905 4406 1 1209467564
35329686 10229 1 1209487828
4352344 995 1 1209473032
11860355 49006 1 1209477873
8937340 5444 1 1209450641
11217974 1084 1 1209452870
24303398 665 1 1209481851
17588391 12496 1 1209461220
13313956 2327 1 1209482209
23774259 75874 1 1209498134
15691479 4 1 1209475379
26913945 177 1 1209476301
11726553 4377 1 1209477626
24855983 131 1 1209497064
18323036 6 1 1209486114
10930430 6 1 1209466736
31141023 129 1 1209488909
9747228 94519 1 1209454255
29913552 6688 1 1209482541
5128835 13480093 1 1209455468
5782947 10 1 1209485388
31145300 2520 1 1209495070
3672737 5751 1 1209456417
24544674 24 1 1209488961
9112236 8 1 1209473841
26093963 9576 1 1209474531
8531494 177 1 1209453655
12806254 823 1 1209480439
6040764 2 1 1209483762
24905614 6606 1 1209475021
22430383 2688 1 1209468536
22332455 15191 1 1209468365
9384285 9672517 1 1209484723
34588818 177 1 1209486946
25220960 131 1 1209473338
7322498 32165 1 1209487050
26479961 138 1 1209484222
8950134 2197 1 1209485660
4183762 6 1 1209484335
6605602 1089 1 1209487816
6137082 53060 1 1209469528
8411360 2250 1 1209456364
36130679 27835 1 1209495207
25689283 1736 1 1209474235
34985383 59738 1 1209487370
20680897 2892 1 1209465885
4392893 1175 1 1209475396
4996901 5238 1 1209468876
22547919 1018 1 1209480384
3293295 15329 1 1209455080
23470488 2751 1 1209470664
31763791 131 1 1209490780
9185311 21755 1 1209450818
31877389 140 1 1209494981
4335607 22 1 1209493789
3529189 4345 1 1209459420
6714290 4199 1 1209469374
4041198 4965 1 1209464797
30399179 376 1 1209497918
16153544 995 1 1209462216
38037694 6373 1 1209495918
3365740 20248 1 1209465989
13906282 1089 1 1209486994
14991273 429 1 1209465101
10846317 177 1 1209452791
17915557 2197 1 1209461657
5310631 21 1 1209483920
32780249 628 1 1209494612
29872906 6346 1 1209485640
23036108 2131 1 1209493148
12923747 1403 1 1209494531
16094843 131 1 1209482148
6988969 1089 1 1209448921
20218276 1992 1 1209495237
18026351 6620 1 1209499076
10343868 177 1 1209452911
31590753 177 1 1209484900
10767711 628 1 1209459737
8458243 47428 1 1209461448
4762928 21 1 1209474837
15180947 790 1 1209461596
15207128 177 1 1209457772
17937794 8 1 1209491139
3693913 15664 1 1209480585
19232370 1062 1 1209489098
16307013 184 1 1209463985
8061107 2921 1 1209449786
27287468 10 1 1209485210
36303632 532 1 1209491651
12409817 1253 1 1209480820
31567617 2172 1 1209490417
35265809 652 1 1209487716
10078445 157 1 1209452070
17938127 21 1 1209471111
29379887 995 1 1209497415
4856713 8129 1 1209459586
31788561 140 1 1209483203
7774895 790 1 1209461640
30595651 55150 1 1209495789
3624405 5473 1 1209472800
34558758 131 1 1209486632
29720648 131 1 1209479813
23151201 222 1 1209469663
3983938 2 1 1209467082
22604780 995 1 1209473796
14445431 24 1 1209493966
19349831 138 1 1209463842
5606305 685 1 1209480886
27848082 6235 1 1209479494
7452291 24 1 1209459197
22445970 129 1 1209471791
13245835 657 1 1209455200
5413444 24 1 1209454767
10944065 129 1 1209476837
22973859 5108 1 1209494810
6564481 628 1 1209492793
27641813 4889 1 1209478691
31998204 1062 1 1209485543
4773031 3145 1 1209478206
26842545 376 1 1209475786
3909223 1242 1 1209448840
17401041 22 1 1209462235
4050271 32008 1 1209465245
27372730 44724 1 1209476334
6559435 157 1 1209448700
28096544 1534576 1 1209478704
7482224 3921 1 1209499137
3711418 142 1 1209447494
3334813 207807 1 1209472002
14916954 1647 1 1209460512
7440277 3280 1 1209496059
7310862 8 1 1209454743
20304721 2884 1 1209465330
17563660 995 1 1209490820
11484081 125 1 1209468591
25213107 5664 1 1209472922
16185486 33280 1 1209464807
29426271 2306 1 1209485862
7797803 6646 1 1209462218
19307439 1393 1 1209479430
7763326 26723 1 1209477674
34293148 1718 1 1209494030
12123190 2945 1 1209478094
4252296 319567 1 1209466271
6954109 142 1 1209464013
5950044 5102 1 1209458998
12200516 376 1 1209463204
10607149 30 1 1209452789
38356479 177 1 1209494062
24081716 131 1 1209479047
16525416 24 1 1209485684
5476254 3 1 1209462939
14977819 5081 1 1209483697
7112466 5716 1 1209449397
27901360 138 1 1209483889
36057974 612 1 1209495294
10517338 995 1 1209474732
3481652 131 1 1209493636
7278763 3908 1 1209456208
27217018 5436 1 1209476050
21798175 1976 1 1209474668
36393321 4889 1 1209489603
30819590 142 1 1209489598
36301228 131 1 1209491184
18860195 1808 1 1209464469
28628422 376 1 1209478537
26492934 5843 1 1209488595
3421293 2292 1 1209457484
9108978 140 1 1209480826
31542352 131 1 1209495145
23956366 2936 1 1209493344
27578076 376 1 1209489241
19020064 142 1 1209497711
36889865 376 1 1209490482
36789899 140 1 1209490786
24764496 719 1 1209472198
11338668 129 1 1209462482
32124793 140 1 1209483786
13792507 771 1 1209457615
3685985 131 1 1209446672
18946882 129 1 1209492267
5015631 830 1 1209494440
6763090 1590 1 1209455220
34588117 140 1 1209487284
38397471 2111 1 1209494924
8107542 177 1 1209450013
28779096 208 1 1209484047
14511727 1808 1 1209468669
25939958 1058 1 1209494055
38592547 14563 1 1209494917
28908891 665 1 1209481621
4721796 726 1 1209447297
28765778 1018 1 1209489218
12367948 220 1 1209454552
7452702 3481260 1 1209497597
5307178 157 1 1209473156
3707446 4515 1 1209446693
32608146 823 1 1209483749
4354039 3 1 1209498235
4186745 995 1 1209486750
6521273 66455 1 1209451965
5681651 7888 1 1209462997
7967048 10 1 1209467904
11344727 157 1 1209481463
38819895 140 1 1209495548
37391660 4430 1 1209491456
21748920 995 1 1209492819
37122553 131 1 1209491097
3407701 21 1 1209482209
8121814 184 1 1209449832
6790790 8145 1 1209467775
8289627 1855 1 1209468232
14498647 131 1 1209460943
19865942 1084 1 1209469555
5716376 628 1 1209451028
4194565 25858 1 1209446946
13591497 54714 1 1209495567
13148612 754 1 1209460161
29773014 142 1 1209482124
8963017 1966 1 1209455894
28023307 376 1 1209481784
17587980 7028 1 1209485979
3642368 3882 1 1209488771
20957626 376 1 1209466260
22598625 177 1 1209468754
5946563 109099 1 1209472331
38175951 117873 1 1209494028
7399397 142 1 1209470791
9398418 1387 1 1209496019
36039458 157 1 1209499107
38267143 1443 1 1209493928
5205340 131 1 1209472958
9221293 2 1 1209460995
26375913 2643 1 1209497116
7129849 2894 1 1209456969
34158837 1018 1 1209486015
4391247 2293 1 1209475589
28540277 26505 1 1209480642
18654745 7001 1 1209470849
29346587 27645 1 1209481910
9894541 2520 1 1209488572
11774055 177 1 1209453552
37971438 864 1 1209494433
9954011 376 1 1209492176
34613900 177 1 1209487942
35969605 1949 1 1209492730
17408298 131 1 1209469578
3784573 85470 1 1209496673
16818013 995 1 1209460637
11306783 131 1 1209472963
4145242 628 1 1209470496
21883980 6 1 1209473229
32812697 13421 1 1209492126
14429760 995 1 1209456854
4437977 995 1 1209485129
19752196 4 1 1209498707
5206567 177 1 1209447608
4216932 20707 1 1209464580
6898125 177 1 1209450477
6453108 20 1 1209457790
14738600 2817 1 1209464513
11454081 376 1 1209453104
5934386 320829 1 1209470305
23681695 2141 1 1209473628
31751972 2293 1 1209484910
11284111 5802 1 1209454029
10455390 15662 1 1209453572
3539720 142 1 1209462729
16918430 665 1 1209495304
28057867 4605 1 1209478518
17693109 635 1 1209487971
30490290 12866 1 1209488544
6135642 1095 1 1209493648
13033111 1180 1 1209495286
36995383 131 1 1209491070
17401041 10 1 1209466405
31574913 20 1 1209482315
4390044 131 1 1209494881
33589011 6300 1 1209485469
24719458 3 1 1209476975
19183484 612 1 1209477721
35776869 1140 1 1209489121
6369365 606 1 1209471206
21287137 981 1 1209466792
3471518 10636 1 1209453295
32444831 34 1 1209495072
11939885 4645 1 1209453609
17630543 157 1 1209490932
28146291 671 1 1209488709
4936058 4472 1 1209462291
14026210 2 1 1209459114
36483639 131 1 1209489765
18562106 24 1 1209481609
3714196 21 1 1209475755
5326670 5735 1 1209471467
39818412 146734 1 1209497434
9010930 5759 1 1209463667
27747037 26848 1 1209480554
9230547 129 1 1209473885
5476254 20 1 1209449608
11749883 1403 1 1209453480
24275878 24 1 1209483842
23064244 1089 1 1209471942
3570110 5006 1 1209452296
39506578 3921 1 1209499075
39535504 28 1 1209496196
16904720 3 1 1209483447
18971632 8 1 1209468877
6558109 6987432 1 1209498204
26543667 2 1 1209475553
6977027 1084 1 1209485018
37436384 142 1 1209491521
33221105 665 1 1209484653
32267868 2900 1 1209484311
13155971 56322 1 1209468552
8188281 376 1 1209465521
8001395 170 1 1209496128
24976964 3 1 1209473672
26421212 2025 1 1209478539
24571160 1058 1 1209472509
8562986 1052 1 1209497186
4433290 2 1 1209487284
28483174 140 1 1209481680
12726388 995 1 1209477727
34102522 168 1 1209492051
33882302 3660 1 1209489640
32828058 376 1 1209487137
29415109 8 1 1209483789
16388322 665 1 1209485602
7189757 3492 1 1209470551
13130294 1743 1 1209464497
4861160 6200466 1 1209463780
14055299 1004 1 1209493314
19931951 3903 1 1209487558
32929523 594 1 1209496549
25632074 131 1 1209479717
33038078 129 1 1209484358
11954850 2921 1 1209468915
7757816 4509 1 1209454780
30089999 4769 1 1209480289
4934963 12910 1 1209490981
4309047 177 1 1209447134
16195923 1221 1 1209460822
15119158 790 1 1209459121
6547324 305027 1 1209488722
15031829 184 1 1209471590
13724134 221 1 1209455802
13488714 995 1 1209455478
15851480 224 1 1209493466
3224270 10 1 1209454946
11579255 177 1 1209453351
3412328 426 1 1209452676
31752482 23234 1 1209488813
6001045 14103 1 1209488218
31517538 157 1 1209482252
23294614 1089 1 1209494723
39416176 1089 1 1209495853
13457721 1221 1 1209478018
20642355 1808 1 1209465829
6379780 6325 1 1209462470
7059334 612 1 1209452052
34988739 219 1 1209488813
27194594 6040 1 1209487768
39989155 140 1 1209497421
10370177 7954 1 1209462052
13994467 31062 1 1209460384
7352392 21 1 1209481671
3884540 140 1 1209446807
3847529 388 1 1209459519
3264471 1379 1 1209482344
24205474 142 1 1209471328
5287309 21 1 1209455597
24216631 1403 1 1209476478
20608795 665 1 1209488243
25455405 131 1 1209476380
6435475 6691 1 1209448623
5789524 33099 1 1209461820
16313019 823 1 1209459672
19672135 3 1 1209465421
12673764 131 1 1209481952
23163115 150 1 1209493924
39323247 4986 1 1209495819
4559988 27889 1 1209486240
20775742 1089 1 1209488260
6013734 657 1 1209448977
29806319 995 1 1209490651
12396359 652 1 1209454525
5710684 140 1 1209448098
9040991 152143 1 1209498325
29068060 9015 1 1209489724
10170850 15175 1 1209476506
11023168 142 1 1209467384
14826223 14086 1 1209484000
30213250 140 1 1209481441
3455891 4 1 1209494265
22635205 682 1 1209469076
31239431 3671 1 1209496482
27140374 1765 1 1209477651
5476254 10 1 1209465948
15368294 5451 1 1209459689
15749211 1084 1 1209466305
26664367 26517 1 1209482429
30558208 3908 1 1209480908
31829428 44357 1 1209483128
11198224 6646 1 1209486017
12906600 608 1 1209489754
8063916 995 1 1209478814
6871157 652 1 1209448890
39538139 3441 1 1209498806
33987799 665 1 1209487993
20134219 9231 1 1209465037
5465479 419378 1 1209457578
32721436 1726 1 1209483985
36890746 2921 1 1209490466
34838655 131 1 1209487370
26197490 598 1 1209499117
24538960 129 1 1209473674
32913684 3319 1 1209484174
3467430 376 1 1209449467
10775767 802 1 1209493252
13957937 598 1 1209497090
9207465 825 1 1209496476
26953955 142 1 1209475729
8486592 131 1 1209450254
4387277 4117 1 1209449697
4661864 754 1 1209458741
12089536 602 1 1209491823
18742926 6619 1 1209477252
18480903 22 1 1209487797
32577063 3827 1 1209490883
6490074 812 1 1209490862
28631525 185 1 1209496076
10280704 142 1 1209487775
22882334 20 1 1209470515
30465765 2303 1 1209488793
37646617 123 1 1209495091
18323037 24 1 1209476504
15146152 759 1 1209464741
38470105 157 1 1209494417
33024276 665 1 1209485955
13217245 39261 1 1209474252
3863631 683 1 1209452773
6605912 140 1 1209448628
38501484 11141 1 1209493744
12209724 129 1 1209469494
39082917 602 1 1209495094
15568266 4645 1 1209470546
18956346 8468 1 1209478466
3787864 129 1 1209458379
8482916 3697 1 1209450218
4079800 790 1 1209466231
6478221 177 1 1209448537
8558799 129 1 1209450226
30776215 691 1 1209490360
19251029 5142 1 1209497273
33423672 665 1 1209497072
19481755 5267 1 1209464149
29692785 131 1 1209479685
13010549 6067 1 1209498583
4478792 23578 1 1209468028
38223306 157 1 1209493966
4063396 1614 1 1209476025
15259733 526 1 1209457835
6170879 5295 1 1209455916
26869042 3908 1 1209490268
18246789 431 1 1209469411
18679286 637 1 1209485633
6939102 7113 1 1209467435
33969229 142 1 1209485778
6218402 14033 1 1209496441
5233409 26 1 1209447656
4006457 22313 1 1209480392
12506452 3113396 1 1209455877
23285317 995 1 1209469850
3481260 48347 1 1209483626
4345179 138 1 1209449678
7493831 1586 1 1209468562
28553860 6646 1 1209491024
31845463 140 1 1209493900
6581768 665 1 1209490154
9464288 140 1 1209465946
16412936 376 1 1209485331
7740797 4 1 1209469022
14825985 1435 1 1209465592
3337724 104987 1 1209453576
6411580 2266 1 1209495446
14599416 1428 1 1209467836
34752704 771 1 1209489681
14658553 5716 1 1209484113
40228586 1461 1 1209498065
5182600 2974 1 1209482134
5441693 184 1 1209486371
23954986 14563 1 1209471097
22968247 52991 1 1209470596
3247067 10 1 1209458166
8178780 140 1 1209452665
32505482 1792 1 1209494428
8483034 2822 1 1209482325
3224154 24 1 1209446611
17679787 612 1 1209466831
4766156 14878 1 1209473450
34600741 22 1 1209489247
32672756 142 1 1209491243
7210338 125 1 1209474004
26452107 612 1 1209482255
20593464 24 1 1209472516
27649802 1221 1 1209485965
7310694 823 1 1209468266
17659887 2369 1 1209492393
11937413 129 1 1209494529
5504186 4 1 1209448087
13550059 139034 1 1209462125
4060632 142 1 1209446902
32525672 32578225 1 1209483770
31336384 182803 1 1209492073
8610782 4572127 1 1209489718
7888872 8 1 1209469119
4793667 53802 1 1209489546
4448243 5802 1 1209465897
37068689 18858 1 1209498219
8335235 2369 1 1209459309
3357397 2083 1 1209490077
11165743 754 1 1209452789
17578552 142 1 1209461210
6293670 3 1 1209453268
16051145 1062 1 1209458982
18551624 5436 1 1209462668
13615170 140 1 1209456532
8775953 142 1 1209494677
5946068 1765 1 1209451134
37686263 131 1 1209492043
32724897 4199 1 1209493991
32972276 995 1 1209489650
21317930 376 1 1209477601
4386896 5919 1 1209448267
21744228 8 1 1209484002
3340340 1089 1 1209498280
3540578 14811 1 1209498852
28339705 140 1 1209477941
3564238 4117 1 1209461353
27509836 4275 1 1209477113
4273619 21583 1 1209480047
26092869 1736 1 1209488662
8354503 7174 1 1209454128
6028415 619 1 1209455151
4881411 1403 1 1209460379
26673605 995 1 1209484491
9262342 3919 1 1209455026
23795926 24 1 1209489056
6179000 102839 1 1209448345
8525405 1089 1 1209450236
25583412 598 1 1209477070
4462484 2732 1 1209475088
12294203 1084 1 1209456804
7953801 526 1 1209449758
23386633 8477 1 1209471837
5563408 125 1 1209467454
19527882 131 1 1209465952
13727560 830 1 1209456863
26209736 12839 1 1209481793
32005204 376 1 1209486287
6870703 612 1 1209478675
13992677 3624 1 1209495061
15339144 131 1 1209473589
6244352 244389 1 1209448331
6979759 610 1 1209450055
5476254 2 1 1209464141
27327008 49602 1 1209477696
31675883 108626 1 1209493302
6425424 612 1 1209448749
21229873 1764 1 1209470610
13510364 2 1 1209458725
8055362 6642 1 1209495140
12995479 8 1 1209476678
19129435 47463 1 1209463526
7778327 1089 1 1209449855
29032304 9679 1 1209492016
8791448 1765 1 1209473214
38479605 830 1 1209494422
35517072 1089 1 1209490756
10504694 3139 1 1209455541
3453723 6822 1 1209447571
24051798 5273 1 1209476010
27366126 1510 1 1209476297
20159665 8 1 1209474592
4153755 8 1 1209470166
16328887 140 1 1209459385
6158716 1058 1 1209482267
28715385 34 1 1209478326
3428897 8129 1 1209460685
25210202 709745 1 1209479571
31480675 3148 1 1209483858
6118506 1942 1 1209494983
37491685 140 1 1209492003
7359332 177 1 1209449777
4187834 21588 1 1209448826
23253547 983 1 1209491290
7146264 1084 1 1209449072
32769687 92473 1 1209483985
22600680 18067 1 1209488667
35846100 129 1 1209492079
27349721 131 1 1209483509
29783340 73094 1 1209479957
4248296 7950 1 1209462217
8429033 142 1 1209466029
32505467 830 1 1209488352
38837822 129 1 1209499005
3420063 6 1 1209478315
8241274 1764 1 1209456880
26749596 131 1 1209485997
37749150 14217 1 1209492176
7155976 22 1 1209481955
19824434 830 1 1209464538
8217427 142 1 1209450580
3686822 140 1 1209446719
7310862 2 1 1209450538
31121479 129 1 1209485795
34987574 695 1 1209490338
10845249 14275 1 1209462516
29016110 790 1 1209484618
4767356 39219 1 1209484695
27550534 1084 1 1209477953
21583147 131 1 1209476836
14445463 21 1 1209458472
19146106 995 1 1209479261
19326197 3097 1 1209463801
7411106 10 1 1209482347
8212149 24 1 1209453973
34780603 5250 1 1209488244
24402516 34 1 1209484564
37287980 157 1 1209492430
8816659 7990 1 1209462066
5248505 177 1 1209448707
16520769 5406 1 1209491267
4906518 2172 1 1209462254
30342349 49857 1 1209480838
7670142 3908 1 1209477794
6289852 3 1 1209483606
30102227 140 1 1209480328
13690243 129 1 1209489721
6919156 140 1 1209449083
4294940 142 1 1209464456
4989154 177 1 1209458681
39386894 10 1 1209495816
11681614 131 1 1209469226
4136046 376 1 1209465585
4345672 8158 1 1209468194
6659647 213 1 1209493666
33631414 131 1 1209485220
23578347 20 1 1209495013
4442406 665 1 1209447261
9788642 142 1 1209479440
37230216 388 1 1209495435
33839593 1479 1 1209485516
34114597 140 1 1209487289
7175398 3890 1 1209493141
23469138 1058 1 1209485767
10325451 140 1 1209451917
39308585 157 1 1209495978
33797247 6488 1 1209494659
9142588 771 1 1209450750
5476254 6 1 1209468361
8191671 1699 1 1209496456
3795212 741 1 1209499078
23908315 995 1 1209482204
31537653 988 1 1209497721
28377616 376 1 1209477840
20442431 131 1 1209466847
3644668 5260 1 1209460827
11874829 1426 1 1209465584
7521047 1140 1 1209459546
3883911 24 1 1209448642
6722696 24 1 1209461825
9265845 131 1 1209450851
4629932 129 1 1209456416
26839666 142 1 1209479729
9857539 9326 1 1209488058
26572456 129 1 1209493530
3408745 4 1 1209447147
4302909 142 1 1209498673
19734594 330694 1 1209464447
22135949 129 1 1209469241
8319044 1746 1 1209450580
4911567 129 1 1209495638
4434227 442 1 1209475898
28027110 6 1 1209493361
15466525 6203 1 1209481951
12435609 1565 1 1209454296
5273180 2085 1 1209451432
27214979 665 1 1209494731
14143275 5148 1 1209460103
6128524 1018 1 1209448290
23131098 142 1 1209479524
35913544 26578 1 1209488762
4026182 127 1 1209491328
11645446 430 1 1209471375
9672613 606 1 1209466085
5553938 205477 1 1209472504
14999288 830 1 1209458715
3878287 1084 1 1209446803
9076975 995 1 1209467593
39233866 157 1 1209496338
16051725 4 1 1209470990
38936353 38764977 1 1209494726
11768710 2708 1 1209492283
9978872 32149 1 1209451609
13316058 48704 1 1209470912
39169686 5473 1 1209495283
18323090 2 1 1209474557
23428652 6381 1 1209497650
7610551 50651 1 1209453129
10163548 140 1 1209453067
34844675 985 1 1209487068
5370633 5815 1 1209484980
6688827 1966 1 1209456646
36807797 39261 1 1209490504
5689209 3 1 1209484535
40567864 140 1 1209498987
31683949 92324 1 1209484669
28232993 142 1 1209477653
3222172 1665 1 1209495093
10468816 138 1 1209453325
9494048 34 1 1209451130
5886063 3908 1 1209457219
32796803 140 1 1209484890
21289382 8 1 1209471043
24729678 5207 1 1209482329
35465088 3917 1 1209488082
7411013 21 1 1209450519
4721310 25387 1 1209484960
17088157 995 1 1209472014
22343482 129 1 1209469964
18943840 142 1 1209463935
34490409 5250 1 1209486515
38938846 157 1 1209495399
32870997 2290 1 1209484178
23085679 177 1 1209471666
7304568 3441 1 1209469320
9626212 14135 1 1209474252
7977532 1771 1 1209460607
22530528 7513 1 1209468698
10775286 376 1 1209486461
6285559 52470 1 1209455154
5908368 995 1 1209458677
8538430 208 1 1209470948
9144165 97731 1 1209450858
13570413 9168 1 1209471701
6709617 5422 1 1209450065
10382183 387538 1 1209451965
7324793 5843 1 1209459963
36111873 1089 1 1209489632
4323234 2992 1 1209453278
24719448 823 1 1209475032
6763572 430 1 1209451429
5665900 142 1 1209457462
